0	0	3.623	0.451251623
1	0	3.623	0.451251623
2	0	3.623	0.451251623
3	0	3.623	0.451251623
4	0	3.622	0.451251623
5	0	3.623	0.451251623
6	0	3.623	0.451251623
7	0	3.622	0.451251623
8	0	3.623	0.451251623
9	0	3.622	0.451251623
10	0	3.622	0.451251623
11	0	3.623	0.451251623
12	0	3.623	0.451251623
13	0	3.623	0.451251623
14	0	3.623	0.451251623
15	0	3.623	0.451251623
16	0	3.623	0.451251623
17	0	3.622	0.451251623
18	0	3.622	0.451251623
19	0	3.622	0.451251623
20	0	3.622	0.451251623
21	0	3.623	0.451251623
22	0	3.622	0.451251623
23	0	3.622	0.451251623
24	0	3.622	0.451251623
25	0	3.623	0.451251623
26	0	3.623	0.451251623
27	0	3.623	0.451251623
28	0	3.623	0.451251623
29	0	3.623	0.451251623
30	0	3.623	0.451251623
31	0	3.623	0.451251623
32	0	3.623	0.451251623
33	0	3.623	0.451251623
34	0	3.623	0.451251623
35	0	3.622	0.451251623
36	0	3.622	0.451251623
37	0	3.622	0.451251623
38	0	3.623	0.451251623
39	0	3.623	0.451251623
40	0	3.622	0.451251623
41	0	3.622	0.451251623
42	0	3.623	0.451251623
43	0	3.623	0.451251623
44	0	3.623	0.451251623
45	0	3.623	0.451251623
46	0	3.622	0.451251623
47	0	3.623	0.451251623
48	0	3.623	0.451251623
49	0	3.623	0.451251623
50	0	3.623	0.451251623
51	0	3.623	0.451251623
52	0	3.623	0.451251623
53	0	3.623	0.451251623
54	0	3.623	0.451251623
55	0	3.622	0.451251623
56	0	3.622	0.451251623
57	0	3.623	0.451251623
58	0	3.623	0.451251623
59	0	3.623	0.451251623
60	0	3.623	0.451251623
61	0	3.623	0.451251623
62	0	3.623	0.451251623
63	0	3.623	0.451251623
64	0	3.623	0.451251623
65	0	3.623	0.451251623
66	0	3.623	0.451251623
67	0	3.622	0.451251623
68	0	3.623	0.451251623
69	0	3.623	0.451251623
70	0	3.623	0.451251623
71	0	3.623	0.451251623
72	0	3.622	0.451251623
73	0	3.622	0.451251623
74	0	3.622	0.451251623
75	0	3.623	0.451251623
76	0	3.623	0.451251623
77	0	3.623	0.451251623
78	0	3.623	0.451251623
79	0	3.622	0.451251623
80	0	3.623	0.451251623
81	0	3.622	0.451251623
82	0	3.622	0.451251623
83	0	3.623	0.451251623
84	0	3.622	0.451251623
85	0	3.623	0.451251623
86	0	3.623	0.451251623
87	0	3.623	0.451251623
88	0	3.623	0.451251623
89	0	3.623	0.451251623
90	0	3.623	0.451251623
91	0	3.623	0.451251623
92	0	3.623	0.451251623
93	0	3.622	0.451251623
94	0	3.623	0.451251623
95	0	3.622	0.451251623
96	0	3.622	0.451251623
97	0	3.623	0.451251623
98	0	3.623	0.451251623
99	0	3.623	0.451251623
100	0	3.623	0.451251623
101	0	3.623	0.451251623
102	0	3.622	0.451251623
103	0	3.622	0.451251623
104	0	3.622	0.451251623
105	0	3.622	0.451251623
106	0	3.622	0.451251623
107	0	3.622	0.451251623
108	0	3.622	0.451251623
109	0	3.622	0.451251623
110	0	3.622	0.451251623
111	0	3.622	0.451251623
112	0	3.622	0.451251623
113	0	3.623	0.451251623
114	0	3.622	0.451251623
115	0	3.623	0.451251623
116	0	3.623	0.451251623
117	0	3.623	0.451251623
118	0	3.622	0.451251623
119	0	3.623	0.451251623
120	0	3.623	0.451251623
121	0	3.623	0.451251623
122	0	3.623	0.451251623
123	0	3.623	0.451251623
124	0	3.623	0.451251623
125	0	3.623	0.451251623
126	0	3.623	0.451251623
127	0	3.623	0.451251623
128	0	3.623	0.451251623
129	0	3.623	0.451251623
130	0	3.623	0.451251623
131	0	3.623	0.451251623
132	0	3.622	0.451251623
133	0	3.622	0.451251623
134	0	3.622	0.451251623
135	0	3.622	0.451251623
136	0	3.623	0.451251623
137	0	3.622	0.451251623
138	0	3.622	0.451251623
139	0	3.622	0.451251623
140	0	3.623	0.451251623
141	0	3.622	0.451251623
142	0	3.623	0.451251623
143	0	3.622	0.451251623
144	0	3.622	0.451251623
145	0	3.623	0.451251623
146	0	3.622	0.451251623
147	0	3.622	0.451251623
148	0	3.622	0.451251623
149	0	3.622	0.451251623
150	0	3.623	0.451251623
151	0	3.622	0.451251623
152	0	3.622	0.451251623
153	0	3.622	0.451251623
154	0	3.622	0.451251623
155	0	3.622	0.451251623
156	0	3.622	0.451251623
157	0	3.622	0.451251623
158	0	3.622	0.451251623
159	0	3.622	0.451251623
160	0	3.623	0.451251623
161	0	3.623	0.451251623
162	0	3.622	0.451251623
163	0	3.623	0.451251623
164	0	3.622	0.451251623
165	0	3.622	0.451251623
166	0	3.622	0.451251623
167	0	3.622	0.451251623
168	0	3.622	0.451251623
169	0	3.623	0.451251623
170	0	3.623	0.451251623
171	0	3.622	0.451251623
172	0	3.622	0.451251623
173	0	3.622	0.451251623
174	0	3.622	0.451251623
175	0	3.622	0.451251623
176	0	3.623	0.451251623
177	0	3.622	0.451251623
178	0	3.622	0.451251623
179	0	3.622	0.451251623
180	0	3.622	0.451251623
181	0	3.623	0.451251623
182	0	3.623	0.451251623
183	0	3.623	0.451251623
184	0	3.623	0.451251623
185	0	3.622	0.451251623
186	0	3.622	0.451251623
187	0	3.622	0.451251623
188	0	3.622	0.451251623
189	0	3.622	0.451251623
190	0	3.622	0.451251623
191	0	3.623	0.451251623
192	0	3.623	0.451251623
193	0	3.622	0.451251623
194	0	3.622	0.451251623
195	0	3.623	0.451251623
196	0	3.623	0.451251623
197	0	3.622	0.451251623
198	0	3.623	0.451251623
199	0	3.623	0.451251623
200	0	3.623	0.451251623
201	0	3.622	0.451251623
202	0	3.622	0.451251623
203	0	3.622	0.451251623
204	0	3.623	0.451251623
205	0	3.623	0.451251623
206	0	3.623	0.451251623
207	0	3.623	0.451251623
208	0	3.623	0.451251623
209	0	3.623	0.451251623
210	0	3.622	0.451251623
211	0	3.622	0.451251623
212	0	3.622	0.451251623
213	0	3.622	0.451251623
214	0	3.622	0.451251623
215	0	3.623	0.451251623
216	0	3.622	0.451251623
217	0	3.622	0.451251623
218	0	3.623	0.451251623
219	0	3.622	0.451251623
220	0	3.622	0.451251623
221	0	3.622	0.451251623
222	0	3.623	0.451251623
223	0	3.622	0.451251623
224	0	3.622	0.451251623
225	0	3.623	0.451251623
226	0	3.622	0.451251623
227	0	3.622	0.451251623
228	0	3.623	0.451251623
229	0	3.623	0.451251623
230	0	3.623	0.451251623
231	0	3.623	0.451251623
232	0	3.623	0.451251623
233	0	3.623	0.451251623
234	0	3.623	0.451251623
235	0	3.623	0.451251623
236	0	3.623	0.451251623
237	0	3.623	0.451251623
238	0	3.623	0.451251623
239	0	3.623	0.451251623
240	0	3.622	0.451251623
241	0	3.622	0.451251623
242	0	3.623	0.451251623
243	0	3.623	0.451251623
244	0	3.623	0.451251623
245	0	3.623	0.451251623
246	0	3.623	0.451251623
247	0	3.622	0.451251623
248	0	3.622	0.451251623
249	0	3.622	0.451251623
250	0	3.623	0.451251623
251	0	3.622	0.451251623
252	0	3.622	0.451251623
253	0	3.622	0.451251623
254	0	3.622	0.451251623
255	0	3.622	0.451251623
256	0	3.623	0.451251623
257	0	3.623	0.451251623
258	0	3.622	0.451251623
259	0	3.622	0.451251623
260	0	3.622	0.451251623
261	0	3.622	0.451251623
262	0	3.622	0.451251623
263	0	3.623	0.451251623
264	0	3.623	0.451251623
265	0	3.623	0.451251623
266	0	3.623	0.451251623
267	0	3.622	0.451251623
268	0	3.622	0.451251623
269	0	3.622	0.451251623
270	0	3.622	0.451251623
271	0	3.623	0.451251623
272	0	3.622	0.451251623
273	0	3.622	0.451251623
274	0	3.623	0.451251623
275	0	3.623	0.451251623
276	0	3.623	0.451251623
277	0	3.623	0.451251623
278	0	3.623	0.451251623
279	0	3.623	0.451251623
280	0	3.623	0.451251623
281	0	3.623	0.451251623
282	0	3.623	0.451251623
283	0	3.623	0.451251623
284	0	3.623	0.451251623
285	0	3.623	0.451251623
286	0	3.623	0.451251623
287	0	3.623	0.451251623
288	0	3.623	0.451251623
289	0	3.623	0.451251623
290	0	3.622	0.451251623
291	0	3.622	0.451251623
292	0	3.622	0.451251623
293	0	3.623	0.451251623
294	0	3.623	0.451251623
295	0	3.623	0.451251623
296	0	3.623	0.451251623
297	0	3.623	0.451251623
298	0	3.623	0.451251623
299	0	3.623	0.451251623
300	0	3.622	0.451251623
301	0	3.623	0.451251623
302	0	3.623	0.451251623
303	0	3.622	0.451251623
304	0	3.623	0.451251623
305	0	3.622	0.451251623
306	0	3.623	0.451251623
307	0	3.623	0.451251623
308	0	3.623	0.451251623
309	0	3.623	0.451251623
310	0	3.623	0.451251623
311	0	3.622	0.451251623
312	0	3.622	0.451251623
313	0	3.623	0.451251623
314	0	3.623	0.451251623
315	0	3.623	0.451251623
316	0	3.622	0.451251623
317	0	3.623	0.451251623
318	0	3.623	0.451251623
319	0	3.623	0.451251623
320	0	3.623	0.451251623
321	0	3.622	0.451251623
322	0	3.622	0.451251623
323	0	3.623	0.451251623
324	0	3.623	0.451251623
325	0	3.623	0.451251623
326	0	3.623	0.451251623
327	0	3.623	0.451251623
328	0	3.622	0.451251623
329	0	3.622	0.451251623
330	0	3.622	0.451251623
331	0	3.623	0.451251623
332	0	3.623	0.451251623
333	0	3.622	0.451251623
334	0	3.622	0.451251623
335	0	3.622	0.451251623
336	0	3.623	0.451251623
337	0	3.622	0.451251623
338	0	3.622	0.451251623
339	0	3.622	0.451251623
340	0	3.623	0.451251623
341	0	3.623	0.451251623
342	0	3.623	0.451251623
343	0	3.623	0.451251623
344	0	3.623	0.451251623
345	0	3.622	0.451251623
346	0	3.622	0.451251623
347	0	3.622	0.451251623
348	0	3.622	0.451251623
349	0	3.622	0.451251623
350	0	3.622	0.451251623
351	0	3.622	0.451251623
352	0	3.622	0.451251623
353	0	3.623	0.451251623
354	0	3.622	0.451251623
355	0	3.622	0.451251623
356	0	3.623	0.451251623
357	0	3.622	0.451251623
358	0	3.622	0.451251623
359	0	3.623	0.451251623
360	0	3.623	0.451251623
361	0	3.623	0.451251623
362	0	3.622	0.451251623
363	0	3.622	0.451251623
364	0	3.623	0.451251623
365	0	3.623	0.451251623
366	0	3.623	0.451251623
367	0	3.623	0.451251623
368	0	3.623	0.451251623
369	0	3.623	0.451251623
370	0	3.623	0.451251623
371	0	3.623	0.451251623
372	0	3.622	0.451251623
373	0	3.622	0.451251623
374	0	3.623	0.451251623
375	0	3.622	0.451251623
376	0	3.622	0.451251623
377	0	3.622	0.451251623
378	0	3.622	0.451251623
379	0	3.622	0.451251623
380	0	3.622	0.451251623
381	0	3.622	0.451251623
382	0	3.623	0.451251623
383	0	3.622	0.451251623
384	0	3.623	0.451251623
385	0	3.623	0.451251623
386	0	3.623	0.451251623
387	0	3.622	0.451251623
388	0	3.623	0.451251623
389	0	3.623	0.451251623
390	0	3.623	0.451251623
391	0	3.623	0.451251623
392	0	3.623	0.451251623
393	0	3.623	0.451251623
394	0	3.623	0.451251623
395	0	3.623	0.451251623
396	0	3.623	0.451251623
397	0	3.622	0.451251623
398	0	3.622	0.451251623
399	0	3.622	0.451251623
400	0	3.622	0.451251623
401	0	3.622	0.451251623
402	0	3.622	0.451251623
403	0	3.622	0.451251623
404	0	3.623	0.451251623
405	0	3.622	0.451251623
406	0	3.622	0.451251623
407	0	3.623	0.451251623
408	0	3.622	0.451251623
409	0	3.623	0.451251623
410	0	3.623	0.451251623
411	0	3.623	0.451251623
412	0	3.622	0.451251623
413	0	3.623	0.451251623
414	0	3.622	0.451251623
415	0	3.622	0.451251623
416	0	3.623	0.451251623
417	0	3.622	0.451251623
418	0	3.622	0.451251623
419	0	3.622	0.451251623
420	0	3.622	0.451251623
421	0	3.622	0.451251623
422	0	3.623	0.451251623
423	0	3.622	0.451251623
424	0	3.622	0.451251623
425	0	3.622	0.451251623
426	0	3.622	0.451251623
427	0	3.622	0.451251623
428	0	3.622	0.451251623
429	0	3.622	0.451251623
430	0	3.623	0.451251623
431	0	3.622	0.451251623
432	0	3.622	0.451251623
433	0	3.622	0.451251623
434	0	3.622	0.451251623
435	0	3.622	0.451251623
436	0	3.622	0.451251623
437	0	3.622	0.451251623
438	0	3.622	0.451251623
439	0	3.622	0.451251623
440	0	3.622	0.451251623
441	0	3.622	0.451251623
442	0	3.622	0.451251623
443	0	3.622	0.451251623
444	0	3.622	0.451251623
445	0	3.622	0.451251623
446	0	3.622	0.451251623
447	0	3.622	0.451251623
448	0	3.622	0.451251623
449	0	3.622	0.451251623
450	0	3.622	0.451251623
451	0	3.622	0.451251623
452	0	3.623	0.451251623
453	0	3.622	0.451251623
454	0	3.622	0.451251623
455	0	3.622	0.451251623
456	0	3.622	0.451251623
457	0	3.622	0.451251623
458	0	3.622	0.451251623
459	0	3.622	0.451251623
460	0	3.623	0.451251623
461	0	3.623	0.451251623
462	0	3.623	0.451251623
463	0	3.622	0.451251623
464	0	3.622	0.451251623
465	0	3.622	0.451251623
466	0	3.622	0.451251623
467	0	3.622	0.451251623
468	0	3.622	0.451251623
469	0	3.622	0.451251623
470	0	3.622	0.451251623
471	0	3.622	0.451251623
472	0	3.622	0.451251623
473	0	3.622	0.451251623
474	0	3.622	0.451251623
475	0	3.622	0.451251623
476	0	3.622	0.451251623
477	0	3.622	0.451251623
478	0	3.622	0.451251623
479	0	3.622	0.451251623
480	0	3.622	0.451251623
481	0	3.622	0.451251623
482	0	3.622	0.451251623
483	0	3.623	0.451251623
484	0	3.623	0.451251623
485	0	3.622	0.451251623
486	0	3.622	0.451251623
487	0	3.622	0.451251623
488	0	3.622	0.451251623
489	0	3.623	0.451251623
490	0	3.622	0.451251623
491	0	3.622	0.451251623
492	0	3.622	0.451251623
493	0	3.622	0.451251623
494	0	3.622	0.451251623
495	0	3.622	0.451251623
496	0	3.623	0.451251623
497	0	3.623	0.451251623
498	0	3.623	0.451251623
499	0	3.623	0.451251623
500	0	3.623	0.451251623
501	0	3.623	0.451251623
502	0	3.623	0.451251623
503	0	3.622	0.451251623
504	0	3.623	0.451251623
505	0	3.623	0.451251623
506	0	3.623	0.451251623
507	0	3.623	0.451251623
508	0	3.622	0.451251623
509	0	3.623	0.451251623
510	0	3.623	0.451251623
511	0	3.623	0.451251623
512	0	3.623	0.451251623
513	0	3.623	0.451251623
514	0	3.623	0.451251623
515	0	3.623	0.451251623
516	0	3.622	0.451251623
517	0	3.623	0.451251623
518	0	3.623	0.451251623
519	0	3.623	0.451251623
520	0	3.622	0.451251623
521	0	3.623	0.451251623
522	0	3.623	0.451251623
523	0	3.622	0.451251623
524	0	3.623	0.451251623
525	0	3.623	0.451251623
526	0	3.623	0.451251623
527	0	3.623	0.451251623
528	0	3.623	0.451251623
529	0	3.622	0.451251623
530	0	3.622	0.451251623
531	0	3.623	0.451251623
532	0	3.623	0.451251623
533	0	3.623	0.451251623
534	0	3.623	0.451251623
535	0	3.622	0.451251623
536	0	3.622	0.451251623
537	0	3.623	0.451251623
538	0	3.623	0.451251623
539	0	3.623	0.451251623
540	0	3.623	0.451251623
541	0	3.623	0.451251623
542	0	3.623	0.451251623
543	0	3.623	0.451251623
544	0	3.623	0.451251623
545	0	3.623	0.451251623
546	0	3.623	0.451251623
547	0	3.623	0.451251623
548	0	3.623	0.451251623
549	0	3.623	0.451251623
550	0	3.623	0.451251623
551	0	3.623	0.451251623
552	0	3.623	0.451251623
553	0	3.623	0.451251623
554	0	3.623	0.451251623
555	0	3.623	0.451251623
556	0	3.623	0.451251623
557	0	3.622	0.451251623
558	0	3.623	0.451251623
559	0	3.622	0.451251623
560	0	3.623	0.451251623
561	0	3.623	0.451251623
562	0	3.623	0.451251623
563	0	3.623	0.451251623
564	0	3.623	0.451251623
565	0	3.622	0.451251623
566	0	3.623	0.451251623
567	0	3.623	0.451251623
568	0	3.623	0.451251623
569	0	3.623	0.451251623
570	0	3.623	0.451251623
571	0	3.623	0.451251623
572	0	3.623	0.451251623
573	0	3.622	0.451251623
574	0	3.622	0.451251623
575	0	3.622	0.451251623
576	0	3.622	0.451251623
577	0	3.623	0.451251623
578	0	3.623	0.451251623
579	0	3.623	0.451251623
580	0	3.623	0.451251623
581	0	3.622	0.451251623
582	0	3.622	0.451251623
583	0	3.623	0.451251623
584	0	3.623	0.451251623
585	0	3.623	0.451251623
586	0	3.623	0.451251623
587	0	3.623	0.451251623
588	0	3.623	0.451251623
589	0	3.623	0.451251623
590	0	3.623	0.451251623
591	0	3.623	0.451251623
592	0	3.623	0.451251623
593	0	3.623	0.451251623
594	0	3.623	0.451251623
595	0	3.623	0.451251623
596	0	3.623	0.451251623
597	0	3.623	0.451251623
598	0	3.622	0.451251623
599	0	3.623	0.451251623
600	0	3.623	0.451251623
601	0	3.623	0.451251623
602	0	3.623	0.451251623
603	0	3.623	0.451251623
604	0	3.623	0.451251623
605	0	3.623	0.451251623
606	0	3.623	0.451251623
607	0	3.623	0.451251623
608	0	3.623	0.451251623
609	0	3.623	0.451251623
610	0	3.623	0.451251623
611	0	3.623	0.451251623
612	0	3.622	0.451251623
613	0	3.622	0.451251623
614	0	3.622	0.451251623
615	0	3.622	0.451251623
616	0	3.622	0.451251623
617	0	3.622	0.451251623
618	0	3.622	0.451251623
619	0	3.622	0.451251623
620	0	3.622	0.451251623
621	0	3.623	0.451251623
622	0	3.622	0.451251623
623	0	3.622	0.451251623
624	0	3.623	0.451251623
625	0	3.623	0.451251623
626	0	3.622	0.451251623
627	0	3.622	0.451251623
628	0	3.622	0.451251623
629	0	3.622	0.451251623
630	0	3.622	0.451251623
631	0	3.623	0.451251623
632	0	3.623	0.451251623
633	0	3.623	0.451251623
634	0	3.623	0.451251623
635	0	3.623	0.451251623
636	0	3.623	0.451251623
637	0	3.623	0.451251623
638	0	3.622	0.451251623
639	0	3.623	0.451251623
640	0	3.623	0.451251623
641	0	3.623	0.451251623
642	0	3.622	0.451251623
643	0	3.622	0.451251623
644	0	3.623	0.451251623
645	0	3.623	0.451251623
646	0	3.623	0.451251623
647	0	3.623	0.451251623
648	0	3.623	0.451251623
649	0	3.623	0.451251623
650	0	3.623	0.451251623
651	0	3.623	0.451251623
652	0	3.623	0.451251623
653	0	3.623	0.451251623
654	0	3.623	0.451251623
655	0	3.623	0.451251623
656	0	3.623	0.451251623
657	0	3.622	0.451251623
658	0	3.622	0.451251623
659	0	3.622	0.451251623
660	0	3.623	0.451251623
661	0	3.623	0.451251623
662	0	3.622	0.451251623
663	0	3.622	0.451251623
664	0	3.623	0.451251623
665	0	3.623	0.451251623
666	0	3.622	0.451251623
667	0	3.622	0.451251623
668	0	3.622	0.451251623
669	0	3.623	0.451251623
670	0	3.623	0.451251623
671	0	3.623	0.451251623
672	0	3.623	0.451251623
673	0	3.623	0.451251623
674	0	3.623	0.451251623
675	0	3.623	0.451251623
676	0	3.623	0.451251623
677	0	3.623	0.451251623
678	0	3.623	0.451251623
679	0	3.623	0.451251623
680	0	3.623	0.451251623
681	0	3.623	0.451251623
682	0	3.623	0.451251623
683	0	3.623	0.451251623
684	0	3.622	0.451251623
685	0	3.623	0.451251623
686	0	3.623	0.451251623
687	0	3.623	0.451251623
688	0	3.623	0.451251623
689	0	3.623	0.451251623
690	0	3.623	0.451251623
691	0	3.623	0.451251623
692	0	3.623	0.451251623
693	0	3.623	0.451251623
694	0	3.623	0.451251623
695	0	3.623	0.451251623
696	0	3.622	0.451251623
697	0	3.622	0.451251623
698	0	3.622	0.451251623
699	0	3.622	0.451251623
700	0	3.622	0.451251623
701	0	3.622	0.451251623
702	0	3.623	0.451251623
703	0	3.623	0.451251623
704	0	3.622	0.451251623
705	0	3.622	0.451251623
706	0	3.622	0.451251623
707	0	3.623	0.451251623
708	0	3.623	0.451251623
709	0	3.622	0.451251623
710	0	3.623	0.451251623
711	0	3.622	0.451251623
712	0	3.622	0.451251623
713	0	3.622	0.451251623
714	0	3.622	0.451251623
715	0	3.622	0.451251623
716	0	3.622	0.451251623
717	0	3.623	0.451251623
718	0	3.622	0.451251623
719	0	3.623	0.451251623
720	0	3.623	0.451251623
721	0	3.622	0.451251623
722	0	3.623	0.451251623
723	0	3.623	0.451251623
724	0	3.623	0.451251623
725	0	3.623	0.451251623
726	0	3.622	0.451251623
727	0	3.622	0.451251623
728	0	3.622	0.451251623
729	0	3.622	0.451251623
730	0	3.623	0.451251623
731	0	3.623	0.451251623
732	0	3.623	0.451251623
733	0	3.623	0.451251623
734	0	3.623	0.451251623
735	0	3.623	0.451251623
736	0	3.622	0.451251623
737	0	3.622	0.451251623
738	0	3.622	0.451251623
739	0	3.623	0.451251623
740	0	3.623	0.451251623
741	0	3.623	0.451251623
742	0	3.623	0.451251623
743	0	3.623	0.451251623
744	0	3.623	0.451251623
745	0	3.623	0.451251623
746	0	3.623	0.451251623
747	0	3.623	0.451251623
748	0	3.623	0.451251623
749	0	3.622	0.451251623
750	0	3.622	0.451251623
751	0	3.622	0.451251623
752	0	3.622	0.451251623
753	0	3.622	0.451251623
754	0	3.623	0.451251623
755	0	3.623	0.451251623
756	0	3.623	0.451251623
757	0	3.623	0.451251623
758	0	3.622	0.451251623
759	0	3.623	0.451251623
760	0	3.622	0.451251623
761	0	3.623	0.451251623
762	0	3.623	0.451251623
763	0	3.623	0.451251623
764	0	3.623	0.451251623
765	0	3.623	0.451251623
766	0	3.623	0.451251623
767	0	3.623	0.451251623
768	0	3.623	0.451251623
769	0	3.623	0.451251623
770	0	3.622	0.451251623
771	0	3.622	0.451251623
772	0	3.623	0.451251623
773	0	3.623	0.451251623
774	0	3.623	0.451251623
775	0	3.623	0.451251623
776	0	3.623	0.451251623
777	0	3.623	0.451251623
778	0	3.623	0.451251623
779	0	3.623	0.451251623
780	0	3.622	0.451251623
781	0	3.622	0.451251623
782	0	3.623	0.451251623
783	0	3.623	0.451251623
784	0	3.622	0.451251623
785	0	3.623	0.451251623
786	0	3.623	0.451251623
787	0	3.623	0.451251623
788	0	3.623	0.451251623
789	0	3.623	0.451251623
790	0	3.623	0.451251623
791	0	3.623	0.451251623
792	0	3.623	0.451251623
793	0	3.622	0.451251623
794	0	3.623	0.451251623
795	0	3.623	0.451251623
796	0	3.623	0.451251623
797	0	3.623	0.451251623
798	0	3.623	0.451251623
799	0	3.623	0.451251623
800	0	3.623	0.451251623
801	0	3.623	0.451251623
802	0	3.623	0.451251623
803	0	3.623	0.451251623
804	0	3.623	0.451251623
805	0	3.623	0.451251623
806	0	3.623	0.451251623
807	0	3.623	0.451251623
808	0	3.623	0.451251623
809	0	3.623	0.451251623
810	0	3.623	0.451251623
811	0	3.623	0.451251623
812	0	3.623	0.451251623
813	0	3.623	0.451251623
814	0	3.623	0.451251623
815	0	3.623	0.451251623
816	0	3.623	0.451251623
817	0	3.623	0.451251623
818	0	3.623	0.451251623
819	0	3.623	0.451251623
820	0	3.623	0.451251623
821	0	3.623	0.451251623
822	0	3.623	0.451251623
823	0	3.623	0.451251623
824	0	3.623	0.451251623
825	0	3.623	0.451251623
826	0	3.623	0.451251623
827	0	3.622	0.451251623
828	0	3.622	0.451251623
829	0	3.622	0.451251623
830	0	3.623	0.451251623
831	0	3.622	0.451251623
832	0	3.622	0.451251623
833	0	3.623	0.451251623
834	0	3.623	0.451251623
835	0	3.623	0.451251623
836	0	3.623	0.451251623
837	0	3.623	0.451251623
838	0	3.623	0.451251623
839	0	3.623	0.451251623
840	0	3.623	0.451251623
841	0	3.623	0.451251623
842	0	3.623	0.451251623
843	0	3.623	0.451251623
844	0	3.623	0.451251623
845	0	3.623	0.451251623
846	0	3.623	0.451251623
847	0	3.623	0.451251623
848	0	3.623	0.451251623
849	0	3.623	0.451251623
850	0	3.623	0.451251623
851	0	3.623	0.451251623
852	0	3.623	0.451251623
853	0	3.623	0.451251623
854	0	3.623	0.451251623
855	0	3.623	0.451251623
856	0	3.623	0.451251623
857	0	3.623	0.451251623
858	0	3.623	0.451251623
859	0	3.623	0.451251623
860	0	3.623	0.451251623
861	0	3.623	0.451251623
862	0	3.623	0.451251623
863	0	3.623	0.451251623
864	0	3.623	0.451251623
865	0	3.623	0.451251623
866	0	3.623	0.451251623
867	0	3.623	0.451251623
868	0	3.623	0.451251623
869	0	3.623	0.451251623
870	0	3.623	0.451251623
871	0	3.622	0.451251623
872	0	3.623	0.451251623
873	0	3.623	0.451251623
874	0	3.623	0.451251623
875	0	3.623	0.451251623
876	0	3.623	0.451251623
877	0	3.623	0.451251623
878	0	3.623	0.451251623
879	0	3.623	0.451251623
880	0	3.622	0.451251623
881	0	3.623	0.451251623
882	0	3.623	0.451251623
883	0	3.622	0.451251623
884	0	3.623	0.451251623
885	0	3.623	0.451251623
886	0	3.623	0.451251623
887	0	3.623	0.451251623
888	0	3.623	0.451251623
889	0	3.623	0.451251623
890	0	3.623	0.451251623
891	0	3.622	0.451251623
892	0	3.622	0.451251623
893	0	3.623	0.451251623
894	0	3.623	0.451251623
895	0	3.623	0.451251623
896	0	3.623	0.451251623
897	0	3.623	0.451251623
898	0	3.622	0.451251623
899	0	3.623	0.451251623
900	0	3.623	0.451251623
901	0	3.623	0.451251623
902	0	3.623	0.451251623
903	0	3.623	0.451251623
904	0	3.623	0.451251623
905	0	3.623	0.451251623
906	0	3.622	0.451251623
907	0	3.622	0.451251623
908	0	3.622	0.451251623
909	0	3.622	0.451251623
910	0	3.622	0.451251623
911	0	3.623	0.451251623
912	0	3.623	0.451251623
913	0	3.623	0.451251623
914	0	3.623	0.451251623
915	0	3.623	0.451251623
916	0	3.622	0.451251623
917	0	3.622	0.451251623
918	0	3.623	0.451251623
919	0	3.622	0.451251623
920	0	3.623	0.451251623
921	0	3.623	0.451251623
922	0	3.622	0.451251623
923	0	3.622	0.451251623
924	0	3.623	0.451251623
925	0	3.623	0.451251623
926	0	3.623	0.451251623
927	0	3.623	0.451251623
928	0	3.623	0.451251623
929	0	3.623	0.451251623
930	0	3.623	0.451251623
931	0	3.623	0.451251623
932	0	3.622	0.451251623
933	0	3.623	0.451251623
934	0	3.623	0.451251623
935	0	3.623	0.451251623
936	0	3.623	0.451251623
937	0	3.623	0.451251623
938	0	3.623	0.451251623
939	0	3.623	0.451251623
940	0	3.623	0.451251623
941	0	3.623	0.451251623
942	0	3.623	0.451251623
943	0	3.623	0.451251623
944	0	3.623	0.451251623
945	0	3.622	0.451251623
946	0	3.622	0.451251623
947	0	3.622	0.451251623
948	0	3.623	0.451251623
949	0	3.623	0.451251623
950	0	3.622	0.451251623
951	0	3.623	0.451251623
952	0	3.623	0.451251623
953	0	3.622	0.451251623
954	0	3.623	0.451251623
955	0	3.622	0.451251623
956	0	3.623	0.451251623
957	0	3.623	0.451251623
958	0	3.623	0.451251623
959	0	3.623	0.451251623
960	0	3.623	0.451251623
961	0	3.623	0.451251623
962	0	3.623	0.451251623
963	0	3.623	0.451251623
964	0	3.623	0.451251623
965	0	3.623	0.451251623
966	0	3.623	0.451251623
967	0	3.622	0.451251623
968	0	3.623	0.451251623
969	0	3.623	0.451251623
970	0	3.623	0.451251623
971	0	3.623	0.451251623
972	0	3.623	0.451251623
973	0	3.622	0.451251623
974	0	3.622	0.451251623
975	0	3.623	0.451251623
976	0	3.623	0.451251623
977	0	3.623	0.451251623
978	0	3.623	0.451251623
979	0	3.622	0.451251623
980	0	3.623	0.451251623
981	0	3.623	0.451251623
982	0	3.623	0.451251623
983	0	3.623	0.451251623
984	0	3.623	0.451251623
985	0	3.623	0.451251623
986	0	3.623	0.451251623
987	0	3.623	0.451251623
988	0	3.623	0.451251623
989	0	3.623	0.451251623
990	0	3.623	0.451251623
991	0	3.623	0.451251623
992	0	3.623	0.451251623
993	0	3.623	0.451251623
994	0	3.622	0.451251623
995	0	3.622	0.451251623
996	0	3.623	0.451251623
997	0	3.623	0.451251623
998	0	3.623	0.451251623
999	0	3.623	0.451251623
1000	0	3.623	0.451251623
1001	0	3.623	0.451251623
1002	0	3.623	0.451251623
1003	0	3.622	0.451251623
1004	0	3.622	0.451251623
1005	0	3.623	0.451251623
1006	0	3.623	0.451251623
1007	0	3.623	0.451251623
1008	0	3.623	0.451251623
1009	0	3.623	0.451251623
1010	2.652	3.555	0.45111263
1011	2.652	3.553	0.45111263
1012	2.651	3.551	0.451112682
1013	2.651	3.549	0.451112682
1014	2.651	3.548	0.451112682
1015	2.651	3.547	0.451112682
1016	2.651	3.546	0.451112682
1017	2.65	3.545	0.451112735
1018	2.65	3.545	0.451112735
1019	2.651	3.544	0.451112682
1020	2.65	3.543	0.451112735
1021	2.65	3.543	0.451112735
1022	2.65	3.542	0.451112735
1023	2.65	3.541	0.451112735
1024	2.65	3.541	0.451112735
1025	2.65	3.54	0.451112735
1026	2.65	3.54	0.451112735
1027	2.651	3.539	0.451112682
1028	2.65	3.539	0.451112735
1029	2.65	3.538	0.451112735
1030	2.65	3.538	0.451112735
1031	2.65	3.538	0.451112735
1032	2.65	3.537	0.451112735
1033	2.65	3.537	0.451112735
1034	2.65	3.536	0.451112735
1035	2.649	3.536	0.451112787
1036	2.649	3.536	0.451112787
1037	2.649	3.535	0.451112787
1038	2.65	3.535	0.451112735
1039	2.65	3.535	0.451112735
1040	2.649	3.534	0.451112787
1041	2.649	3.534	0.451112787
1042	2.649	3.534	0.451112787
1043	2.65	3.534	0.451112735
1044	2.647	3.533	0.451112892
1045	2.648	3.533	0.451112839
1046	2.649	3.533	0.451112787
1047	2.649	3.532	0.451112787
1048	2.649	3.532	0.451112787
1049	2.649	3.532	0.451112787
1050	2.649	3.532	0.451112787
1051	2.649	3.531	0.451112787
1052	2.649	3.531	0.451112787
1053	2.649	3.531	0.451112787
1054	2.649	3.531	0.451112787
1055	2.649	3.531	0.451112787
1056	2.649	3.53	0.451112787
1057	2.648	3.53	0.451112839
1058	2.649	3.53	0.451112787
1059	2.649	3.53	0.451112787
1060	2.649	3.529	0.451112787
1061	2.648	3.529	0.451112839
1062	2.649	3.529	0.451112787
1063	2.648	3.529	0.451112839
1064	2.648	3.529	0.451112839
1065	2.648	3.528	0.451112839
1066	2.648	3.528	0.451112839
1067	2.648	3.528	0.451112839
1068	2.648	3.528	0.451112839
1069	2.648	3.528	0.451112839
1070	2.648	3.528	0.451112839
1071	2.648	3.527	0.451112839
1072	2.648	3.527	0.451112839
1073	2.648	3.527	0.451112839
1074	2.648	3.527	0.451112839
1075	2.648	3.527	0.451112839
1076	2.648	3.527	0.451112839
1077	2.648	3.527	0.451112839
1078	2.648	3.526	0.451112839
1079	2.648	3.526	0.451112839
1080	2.648	3.526	0.451112839
1081	2.648	3.526	0.451112839
1082	2.648	3.526	0.451112839
1083	2.648	3.526	0.451112839
1084	2.648	3.526	0.451112839
1085	2.646	3.525	0.451112944
1086	2.648	3.525	0.451112839
1087	2.648	3.525	0.451112839
1088	2.648	3.525	0.451112839
1089	2.648	3.525	0.451112839
1090	2.648	3.525	0.451112839
1091	2.648	3.525	0.451112839
1092	2.648	3.524	0.451112839
1093	2.648	3.524	0.451112839
1094	2.648	3.524	0.451112839
1095	2.648	3.524	0.451112839
1096	2.648	3.524	0.451112839
1097	2.648	3.524	0.451112839
1098	2.648	3.524	0.451112839
1099	2.648	3.523	0.451112839
1100	2.648	3.523	0.451112839
1101	2.648	3.523	0.451112839
1102	2.648	3.523	0.451112839
1103	2.648	3.523	0.451112839
1104	2.648	3.522	0.451112839
1105	2.648	3.522	0.451112839
1106	2.648	3.522	0.451112839
1107	2.648	3.522	0.451112839
1108	2.648	3.522	0.451112839
1109	2.648	3.522	0.451112839
1110	2.648	3.522	0.451112839
1111	2.648	3.522	0.451112839
1112	2.648	3.522	0.451112839
1113	2.648	3.522	0.451112839
1114	2.648	3.521	0.451112839
1115	2.648	3.521	0.451112839
1116	2.648	3.521	0.451112839
1117	2.648	3.521	0.451112839
1118	2.648	3.521	0.451112839
1119	2.648	3.521	0.451112839
1120	2.648	3.521	0.451112839
1121	2.648	3.52	0.451112839
1122	2.648	3.521	0.451112839
1123	2.648	3.52	0.451112839
1124	2.647	3.52	0.451112892
1125	2.646	3.52	0.451112944
1126	2.648	3.52	0.451112839
1127	2.648	3.52	0.451112839
1128	2.648	3.52	0.451112839
1129	2.647	3.52	0.451112892
1130	2.647	3.52	0.451112892
1131	2.647	3.52	0.451112892
1132	2.647	3.52	0.451112892
1133	2.648	3.52	0.451112839
1134	2.648	3.52	0.451112839
1135	2.647	3.519	0.451112892
1136	2.647	3.519	0.451112892
1137	2.647	3.519	0.451112892
1138	2.647	3.519	0.451112892
1139	2.647	3.518	0.451112892
1140	2.648	3.518	0.451112839
1141	2.648	3.518	0.451112839
1142	2.648	3.518	0.451112839
1143	2.648	3.518	0.451112839
1144	2.647	3.518	0.451112892
1145	2.647	3.518	0.451112892
1146	2.647	3.518	0.451112892
1147	2.647	3.518	0.451112892
1148	2.647	3.518	0.451112892
1149	2.647	3.518	0.451112892
1150	2.647	3.518	0.451112892
1151	2.647	3.518	0.451112892
1152	2.647	3.517	0.451112892
1153	2.647	3.517	0.451112892
1154	2.647	3.517	0.451112892
1155	2.647	3.517	0.451112892
1156	2.647	3.517	0.451112892
1157	2.647	3.517	0.451112892
1158	2.646	3.516	0.451112944
1159	2.647	3.516	0.451112892
1160	2.646	3.516	0.451112944
1161	2.647	3.516	0.451112892
1162	2.647	3.516	0.451112892
1163	2.646	3.516	0.451112944
1164	2.646	3.516	0.451112944
1165	2.647	3.516	0.451112892
1166	2.646	3.516	0.451112944
1167	2.646	3.516	0.451112944
1168	2.646	3.516	0.451112944
1169	2.646	3.516	0.451112944
1170	2.646	3.515	0.451112944
1171	2.646	3.515	0.451112944
1172	2.646	3.515	0.451112944
1173	2.646	3.515	0.451112944
1174	2.646	3.515	0.451112944
1175	2.646	3.515	0.451112944
1176	2.644	3.515	0.451113049
1177	2.646	3.515	0.451112944
1178	2.646	3.515	0.451112944
1179	2.646	3.515	0.451112944
1180	2.646	3.514	0.451112944
1181	2.646	3.514	0.451112944
1182	2.645	3.514	0.451112997
1183	2.645	3.514	0.451112997
1184	2.646	3.514	0.451112944
1185	2.646	3.514	0.451112944
1186	2.646	3.514	0.451112944
1187	2.646	3.514	0.451112944
1188	2.646	3.514	0.451112944
1189	2.646	3.513	0.451112944
1190	2.646	3.513	0.451112944
1191	2.646	3.513	0.451112944
1192	2.647	3.513	0.451112892
1193	2.646	3.513	0.451112944
1194	2.646	3.513	0.451112944
1195	2.646	3.513	0.451112944
1196	2.646	3.513	0.451112944
1197	2.646	3.513	0.451112944
1198	2.646	3.513	0.451112944
1199	2.646	3.513	0.451112944
1200	2.645	3.512	0.451112997
1201	2.646	3.512	0.451112944
1202	2.645	3.512	0.451112997
1203	2.645	3.512	0.451112997
1204	2.646	3.512	0.451112944
1205	2.646	3.512	0.451112944
1206	2.646	3.511	0.451112944
1207	2.645	3.511	0.451112997
1208	2.645	3.512	0.451112997
1209	2.645	3.511	0.451112997
1210	2.646	3.511	0.451112944
1211	2.645	3.511	0.451112997
1212	2.645	3.511	0.451112997
1213	2.645	3.511	0.451112997
1214	2.645	3.511	0.451112997
1215	2.645	3.511	0.451112997
1216	2.643	3.511	0.451113101
1217	2.645	3.511	0.451112997
1218	2.646	3.511	0.451112944
1219	2.645	3.511	0.451112997
1220	2.645	3.51	0.451112997
1221	2.645	3.51	0.451112997
1222	2.645	3.51	0.451112997
1223	2.645	3.511	0.451112997
1224	2.645	3.511	0.451112997
1225	2.645	3.51	0.451112997
1226	2.645	3.51	0.451112997
1227	2.646	3.51	0.451112944
1228	2.645	3.51	0.451112997
1229	2.646	3.51	0.451112944
1230	2.645	3.51	0.451112997
1231	2.645	3.509	0.451112997
1232	2.646	3.509	0.451112944
1233	2.645	3.509	0.451112997
1234	2.645	3.509	0.451112997
1235	2.645	3.509	0.451112997
1236	2.645	3.509	0.451112997
1237	2.645	3.509	0.451112997
1238	2.645	3.509	0.451112997
1239	2.645	3.509	0.451112997
1240	2.645	3.509	0.451112997
1241	2.645	3.509	0.451112997
1242	2.646	3.509	0.451112944
1243	2.645	3.509	0.451112997
1244	2.646	3.509	0.451112944
1245	2.646	3.508	0.451112944
1246	2.646	3.508	0.451112944
1247	2.645	3.508	0.451112997
1248	2.645	3.508	0.451112997
1249	2.645	3.508	0.451112997
1250	2.645	3.508	0.451112997
1251	2.645	3.508	0.451112997
1252	2.645	3.507	0.451112997
1253	2.645	3.507	0.451112997
1254	2.645	3.508	0.451112997
1255	2.645	3.507	0.451112997
1256	2.643	3.507	0.451113101
1257	2.643	3.507	0.451113101
1258	2.646	3.507	0.451112944
1259	2.646	3.507	0.451112944
1260	2.647	3.506	0.451112892
1261	2.647	3.506	0.451112892
1262	2.647	3.506	0.451112892
1263	2.647	3.506	0.451112892
1264	2.647	3.506	0.451112892
1265	2.647	3.506	0.451112892
1266	2.647	3.506	0.451112892
1267	2.648	3.506	0.451112839
1268	2.648	3.506	0.451112839
1269	2.648	3.506	0.451112839
1270	2.648	3.506	0.451112839
1271	2.648	3.506	0.451112839
1272	2.649	3.506	0.451112787
1273	2.649	3.506	0.451112787
1274	2.648	3.506	0.451112839
1275	2.649	3.505	0.451112787
1276	2.649	3.505	0.451112787
1277	2.649	3.505	0.451112787
1278	2.648	3.505	0.451112839
1279	2.649	3.505	0.451112787
1280	2.649	3.505	0.451112787
1281	2.649	3.505	0.451112787
1282	2.65	3.505	0.451112735
1283	2.65	3.505	0.451112735
1284	2.65	3.505	0.451112735
1285	2.65	3.505	0.451112735
1286	2.65	3.504	0.451112735
1287	2.651	3.504	0.451112682
1288	2.65	3.504	0.451112735
1289	2.65	3.504	0.451112735
1290	2.651	3.504	0.451112682
1291	2.651	3.504	0.451112682
1292	2.651	3.504	0.451112682
1293	2.651	3.504	0.451112682
1294	2.651	3.504	0.451112682
1295	2.651	3.504	0.451112682
1296	2.651	3.504	0.451112682
1297	2.649	3.503	0.451112787
1298	2.651	3.503	0.451112682
1299	2.651	3.503	0.451112682
1300	2.651	3.503	0.451112682
1301	2.652	3.503	0.45111263
1302	2.651	3.503	0.451112682
1303	2.651	3.503	0.451112682
1304	2.652	3.503	0.45111263
1305	2.651	3.503	0.451112682
1306	2.651	3.502	0.451112682
1307	2.651	3.502	0.451112682
1308	2.651	3.502	0.451112682
1309	2.65	3.502	0.451112735
1310	2.651	3.502	0.451112682
1311	2.651	3.502	0.451112682
1312	2.651	3.502	0.451112682
1313	2.65	3.502	0.451112735
1314	2.65	3.502	0.451112735
1315	2.65	3.502	0.451112735
1316	2.65	3.502	0.451112735
1317	2.65	3.502	0.451112735
1318	2.65	3.502	0.451112735
1319	2.65	3.502	0.451112735
1320	2.65	3.501	0.451112735
1321	2.65	3.502	0.451112735
1322	2.65	3.501	0.451112735
1323	2.649	3.501	0.451112787
1324	2.649	3.501	0.451112787
1325	2.649	3.501	0.451112787
1326	2.649	3.501	0.451112787
1327	2.649	3.501	0.451112787
1328	2.649	3.501	0.451112787
1329	2.649	3.501	0.451112787
1330	2.649	3.501	0.451112787
1331	2.649	3.501	0.451112787
1332	2.649	3.5	0.451112787
1333	2.649	3.5	0.451112787
1334	2.649	3.5	0.451112787
1335	2.649	3.5	0.451112787
1336	2.649	3.5	0.451112787
1337	2.647	3.5	0.451112892
1338	2.649	3.5	0.451112787
1339	2.649	3.5	0.451112787
1340	2.649	3.5	0.451112787
1341	2.649	3.5	0.451112787
1342	2.649	3.5	0.451112787
1343	2.649	3.5	0.451112787
1344	2.649	3.499	0.451112787
1345	2.648	3.499	0.451112839
1346	2.648	3.499	0.451112839
1347	2.648	3.499	0.451112839
1348	2.649	3.499	0.451112787
1349	2.649	3.499	0.451112787
1350	2.648	3.499	0.451112839
1351	2.649	3.499	0.451112787
1352	2.649	3.498	0.451112787
1353	2.649	3.499	0.451112787
1354	2.649	3.499	0.451112787
1355	2.648	3.499	0.451112839
1356	2.648	3.499	0.451112839
1357	2.648	3.498	0.451112839
1358	2.648	3.498	0.451112839
1359	2.648	3.498	0.451112839
1360	2.649	3.498	0.451112787
1361	2.648	3.498	0.451112839
1362	2.648	3.498	0.451112839
1363	2.649	3.498	0.451112787
1364	2.649	3.498	0.451112787
1365	2.649	3.498	0.451112787
1366	2.648	3.497	0.451112839
1367	2.648	3.497	0.451112839
1368	2.648	3.497	0.451112839
1369	2.648	3.497	0.451112839
1370	2.648	3.497	0.451112839
1371	2.648	3.497	0.451112839
1372	2.648	3.497	0.451112839
1373	2.648	3.497	0.451112839
1374	2.648	3.497	0.451112839
1375	2.648	3.497	0.451112839
1376	2.648	3.497	0.451112839
1377	2.646	3.497	0.451112944
1378	2.648	3.497	0.451112839
1379	2.648	3.497	0.451112839
1380	2.648	3.496	0.451112839
1381	2.648	3.496	0.451112839
1382	2.648	3.496	0.451112839
1383	2.649	3.496	0.451112787
1384	2.649	3.496	0.451112787
1385	2.649	3.496	0.451112787
1386	2.649	3.495	0.451112787
1387	2.649	3.495	0.451112787
1388	2.65	3.495	0.451112735
1389	2.649	3.495	0.451112787
1390	2.65	3.495	0.451112735
1391	2.65	3.495	0.451112735
1392	2.65	3.495	0.451112735
1393	2.65	3.495	0.451112735
1394	2.65	3.495	0.451112735
1395	2.651	3.495	0.451112682
1396	2.651	3.495	0.451112682
1397	2.651	3.495	0.451112682
1398	2.651	3.495	0.451112682
1399	2.652	3.495	0.45111263
1400	2.652	3.495	0.45111263
1401	2.653	3.494	0.451112577
1402	2.653	3.494	0.451112577
1403	2.654	3.494	0.451112525
1404	2.654	3.494	0.451112525
1405	2.654	3.494	0.451112525
1406	2.654	3.494	0.451112525
1407	2.655	3.494	0.451112472
1408	2.654	3.494	0.451112525
1409	2.655	3.494	0.451112472
1410	2.655	3.493	0.451112472
1411	2.655	3.493	0.451112472
1412	2.655	3.493	0.451112472
1413	2.654	3.493	0.451112525
1414	2.654	3.493	0.451112525
1415	2.654	3.493	0.451112525
1416	2.654	3.493	0.451112525
1417	2.651	3.493	0.451112682
1418	2.653	3.493	0.451112577
1419	2.653	3.493	0.451112577
1420	2.652	3.493	0.45111263
1421	2.652	3.493	0.45111263
1422	2.652	3.493	0.45111263
1423	2.652	3.493	0.45111263
1424	2.652	3.492	0.45111263
1425	2.652	3.492	0.45111263
1426	2.652	3.492	0.45111263
1427	2.652	3.492	0.45111263
1428	2.652	3.492	0.45111263
1429	2.652	3.492	0.45111263
1430	2.652	3.492	0.45111263
1431	2.652	3.492	0.45111263
1432	2.652	3.492	0.45111263
1433	2.652	3.492	0.45111263
1434	2.652	3.492	0.45111263
1435	2.651	3.491	0.451112682
1436	2.652	3.491	0.45111263
1437	2.652	3.491	0.45111263
1438	2.652	3.491	0.45111263
1439	2.651	3.491	0.451112682
1440	2.652	3.491	0.45111263
1441	2.652	3.491	0.45111263
1442	2.652	3.491	0.45111263
1443	2.651	3.491	0.451112682
1444	2.652	3.491	0.45111263
1445	2.652	3.491	0.45111263
1446	2.651	3.491	0.451112682
1447	2.651	3.491	0.451112682
1448	2.651	3.49	0.451112682
1449	2.652	3.49	0.45111263
1450	2.651	3.49	0.451112682
1451	2.651	3.49	0.451112682
1452	2.651	3.49	0.451112682
1453	2.651	3.49	0.451112682
1454	2.651	3.49	0.451112682
1455	2.651	3.49	0.451112682
1456	2.651	3.49	0.451112682
1457	2.65	3.49	0.451112735
1458	2.649	3.489	0.451112787
1459	2.65	3.489	0.451112735
1460	2.65	3.489	0.451112735
1461	2.65	3.489	0.451112735
1462	2.65	3.49	0.451112735
1463	2.65	3.489	0.451112735
1464	2.65	3.489	0.451112735
1465	2.651	3.489	0.451112682
1466	2.651	3.488	0.451112682
1467	2.651	3.488	0.451112682
1468	2.651	3.488	0.451112682
1469	2.652	3.488	0.45111263
1470	2.652	3.488	0.45111263
1471	2.652	3.488	0.45111263
1472	2.652	3.488	0.45111263
1473	2.652	3.488	0.45111263
1474	2.652	3.488	0.45111263
1475	2.652	3.488	0.45111263
1476	2.652	3.488	0.45111263
1477	2.652	3.488	0.45111263
1478	2.652	3.488	0.45111263
1479	2.652	3.488	0.45111263
1480	2.652	3.488	0.45111263
1481	2.652	3.487	0.45111263
1482	2.651	3.487	0.451112682
1483	2.651	3.487	0.451112682
1484	2.651	3.487	0.451112682
1485	2.651	3.487	0.451112682
1486	2.651	3.487	0.451112682
1487	2.651	3.487	0.451112682
1488	2.651	3.487	0.451112682
1489	2.651	3.486	0.451112682
1490	2.65	3.486	0.451112735
1491	2.65	3.486	0.451112735
1492	2.65	3.486	0.451112735
1493	2.651	3.486	0.451112682
1494	2.651	3.486	0.451112682
1495	2.651	3.486	0.451112682
1496	2.651	3.486	0.451112682
1497	2.651	3.486	0.451112682
1498	2.651	3.486	0.451112682
1499	2.651	3.486	0.451112682
1500	2.651	3.486	0.451112682
1501	2.65	3.486	0.451112735
1502	2.65	3.486	0.451112735
1503	2.65	3.486	0.451112735
1504	2.65	3.486	0.451112735
1505	2.65	3.486	0.451112735
1506	2.65	3.485	0.451112735
1507	2.65	3.485	0.451112735
1508	2.648	3.485	0.451112839
1509	2.65	3.485	0.451112735
1510	2.649	3.485	0.451112787
1511	2.649	3.485	0.451112787
1512	2.649	3.485	0.451112787
1513	2.649	3.485	0.451112787
1514	2.648	3.485	0.451112839
1515	2.648	3.485	0.451112839
1516	2.648	3.484	0.451112839
1517	2.649	3.484	0.451112787
1518	2.648	3.484	0.451112839
1519	2.648	3.484	0.451112839
1520	2.648	3.484	0.451112839
1521	2.648	3.484	0.451112839
1522	2.648	3.484	0.451112839
1523	2.648	3.484	0.451112839
1524	2.648	3.484	0.451112839
1525	2.648	3.484	0.451112839
1526	2.648	3.484	0.451112839
1527	2.648	3.484	0.451112839
1528	2.648	3.484	0.451112839
1529	2.648	3.484	0.451112839
1530	2.648	3.484	0.451112839
1531	2.648	3.483	0.451112839
1532	2.647	3.483	0.451112892
1533	2.648	3.483	0.451112839
1534	2.648	3.483	0.451112839
1535	2.648	3.483	0.451112839
1536	2.648	3.483	0.451112839
1537	2.648	3.483	0.451112839
1538	2.648	3.482	0.451112839
1539	2.648	3.482	0.451112839
1540	2.648	3.482	0.451112839
1541	2.647	3.482	0.451112892
1542	2.647	3.482	0.451112892
1543	2.648	3.482	0.451112839
1544	2.647	3.482	0.451112892
1545	2.648	3.482	0.451112839
1546	2.648	3.482	0.451112839
1547	2.648	3.482	0.451112839
1548	2.648	3.482	0.451112839
1549	2.648	3.482	0.451112839
1550	2.648	3.482	0.451112839
1551	2.648	3.482	0.451112839
1552	2.648	3.482	0.451112839
1553	2.648	3.481	0.451112839
1554	2.648	3.482	0.451112839
1555	2.648	3.482	0.451112839
1556	2.648	3.481	0.451112839
1557	2.648	3.481	0.451112839
1558	2.648	3.481	0.451112839
1559	2.648	3.481	0.451112839
1560	2.648	3.481	0.451112839
1561	2.648	3.481	0.451112839
1562	2.648	3.48	0.451112839
1563	2.648	3.481	0.451112839
1564	2.648	3.481	0.451112839
1565	2.648	3.48	0.451112839
1566	2.648	3.481	0.451112839
1567	2.648	3.481	0.451112839
1568	2.648	3.48	0.451112839
1569	2.648	3.48	0.451112839
1570	2.647	3.48	0.451112892
1571	2.65	3.479	0.451112735
1572	2.65	3.479	0.451112735
1573	2.65	3.479	0.451112735
1574	2.65	3.479	0.451112735
1575	2.651	3.479	0.451112682
1576	2.65	3.479	0.451112735
1577	2.651	3.479	0.451112682
1578	2.651	3.479	0.451112682
1579	2.65	3.479	0.451112735
1580	2.65	3.479	0.451112735
1581	2.65	3.479	0.451112735
1582	2.651	3.479	0.451112682
1583	2.651	3.478	0.451112682
1584	2.652	3.478	0.45111263
1585	2.652	3.479	0.45111263
1586	2.652	3.479	0.45111263
1587	2.652	3.478	0.45111263
1588	2.652	3.478	0.45111263
1589	2.652	3.478	0.45111263
1590	2.652	3.478	0.45111263
1591	2.652	3.478	0.45111263
1592	2.652	3.478	0.45111263
1593	2.653	3.478	0.451112577
1594	2.653	3.478	0.451112577
1595	2.654	3.477	0.451112525
1596	2.654	3.477	0.451112525
1597	2.654	3.477	0.451112525
1598	2.654	3.477	0.451112525
1599	2.655	3.477	0.451112472
1600	2.655	3.477	0.451112472
1601	2.655	3.477	0.451112472
1602	2.655	3.477	0.451112472
1603	2.655	3.477	0.451112472
1604	2.655	3.477	0.451112472
1605	2.655	3.477	0.451112472
1606	2.654	3.477	0.451112525
1607	2.655	3.477	0.451112472
1608	2.655	3.477	0.451112472
1609	2.655	3.476	0.451112472
1610	2.654	3.477	0.451112525
1611	2.654	3.476	0.451112525
1612	2.653	3.476	0.451112577
1613	2.654	3.476	0.451112525
1614	2.653	3.476	0.451112577
1615	2.653	3.476	0.451112577
1616	2.653	3.476	0.451112577
1617	2.653	3.475	0.451112577
1618	2.653	3.475	0.451112577
1619	2.653	3.475	0.451112577
1620	2.651	3.475	0.451112682
1621	2.652	3.475	0.45111263
1622	2.652	3.475	0.45111263
1623	2.652	3.475	0.45111263
1624	2.652	3.475	0.45111263
1625	2.652	3.475	0.45111263
1626	2.652	3.475	0.45111263
1627	2.652	3.475	0.45111263
1628	2.652	3.475	0.45111263
1629	2.652	3.475	0.45111263
1630	2.652	3.475	0.45111263
1631	2.652	3.474	0.45111263
1632	2.652	3.474	0.45111263
1633	2.652	3.474	0.45111263
1634	2.652	3.474	0.45111263
1635	2.651	3.474	0.451112682
1636	2.651	3.474	0.451112682
1637	2.651	3.474	0.451112682
1638	2.651	3.474	0.451112682
1639	2.651	3.474	0.451112682
1640	2.651	3.473	0.451112682
1641	2.651	3.473	0.451112682
1642	2.651	3.473	0.451112682
1643	2.651	3.473	0.451112682
1644	2.65	3.473	0.451112735
1645	2.65	3.473	0.451112735
1646	2.65	3.473	0.451112735
1647	2.65	3.473	0.451112735
1648	2.65	3.473	0.451112735
1649	2.65	3.473	0.451112735
1650	2.65	3.473	0.451112735
1651	2.65	3.473	0.451112735
1652	2.65	3.472	0.451112735
1653	2.649	3.472	0.451112787
1654	2.649	3.472	0.451112787
1655	2.65	3.472	0.451112735
1656	2.649	3.472	0.451112787
1657	2.649	3.472	0.451112787
1658	2.649	3.472	0.451112787
1659	2.649	3.472	0.451112787
1660	2.649	3.472	0.451112787
1661	2.649	3.472	0.451112787
1662	2.649	3.472	0.451112787
1663	2.649	3.472	0.451112787
1664	2.649	3.472	0.451112787
1665	2.648	3.472	0.451112839
1666	2.648	3.472	0.451112839
1667	2.649	3.472	0.451112787
1668	2.648	3.472	0.451112839
1669	2.648	3.472	0.451112839
1670	2.648	3.471	0.451112839
1671	2.646	3.471	0.451112944
1672	2.648	3.471	0.451112839
1673	2.648	3.471	0.451112839
1674	2.648	3.471	0.451112839
1675	2.648	3.47	0.451112839
1676	2.648	3.471	0.451112839
1677	2.648	3.47	0.451112839
1678	2.648	3.47	0.451112839
1679	2.648	3.47	0.451112839
1680	2.647	3.47	0.451112892
1681	2.647	3.47	0.451112892
1682	2.647	3.47	0.451112892
1683	2.647	3.47	0.451112892
1684	2.648	3.47	0.451112839
1685	2.648	3.47	0.451112839
1686	2.648	3.47	0.451112839
1687	2.648	3.47	0.451112839
1688	2.648	3.47	0.451112839
1689	2.647	3.47	0.451112892
1690	2.647	3.469	0.451112892
1691	2.647	3.469	0.451112892
1692	2.647	3.469	0.451112892
1693	2.647	3.469	0.451112892
1694	2.647	3.469	0.451112892
1695	2.647	3.469	0.451112892
1696	2.646	3.469	0.451112944
1697	2.646	3.469	0.451112944
1698	2.646	3.469	0.451112944
1699	2.646	3.469	0.451112944
1700	2.646	3.468	0.451112944
1701	2.646	3.469	0.451112944
1702	2.646	3.468	0.451112944
1703	2.646	3.468	0.451112944
1704	2.646	3.468	0.451112944
1705	2.646	3.468	0.451112944
1706	2.646	3.468	0.451112944
1707	2.645	3.468	0.451112997
1708	2.645	3.468	0.451112997
1709	2.646	3.468	0.451112944
1710	2.646	3.468	0.451112944
1711	2.644	3.468	0.451113049
1712	2.646	3.468	0.451112944
1713	2.646	3.468	0.451112944
1714	2.646	3.467	0.451112944
1715	2.645	3.467	0.451112997
1716	2.645	3.467	0.451112997
1717	2.645	3.467	0.451112997
1718	2.646	3.467	0.451112944
1719	2.645	3.467	0.451112997
1720	2.645	3.467	0.451112997
1721	2.645	3.467	0.451112997
1722	2.645	3.466	0.451112997
1723	2.645	3.466	0.451112997
1724	2.644	3.466	0.451113049
1725	2.645	3.466	0.451112997
1726	2.645	3.466	0.451112997
1727	2.645	3.466	0.451112997
1728	2.645	3.466	0.451112997
1729	2.644	3.466	0.451113049
1730	2.645	3.466	0.451112997
1731	2.645	3.466	0.451112997
1732	2.645	3.466	0.451112997
1733	2.645	3.466	0.451112997
1734	2.645	3.466	0.451112997
1735	2.644	3.466	0.451113049
1736	2.644	3.466	0.451113049
1737	2.645	3.466	0.451112997
1738	2.645	3.465	0.451112997
1739	2.645	3.465	0.451112997
1740	2.645	3.465	0.451112997
1741	2.645	3.465	0.451112997
1742	2.401	3.465	0.451125785
1743	0	3.534	0.451251623
1744	0	3.537	0.451251623
1745	0	3.538	0.451251623
1746	0	3.54	0.451251623
1747	0	3.54	0.451251623
1748	0	3.542	0.451251623
1749	0	3.543	0.451251623
1750	0	3.543	0.451251623
1751	0	3.544	0.451251623
1752	0	3.545	0.451251623
1753	0	3.546	0.451251623
1754	0	3.547	0.451251623
1755	0	3.547	0.451251623
1756	0	3.548	0.451251623
1757	0	3.548	0.451251623
1758	0	3.549	0.451251623
1759	0	3.55	0.451251623
1760	0	3.55	0.451251623
1761	0	3.55	0.451251623
1762	0	3.551	0.451251623
1763	0	3.551	0.451251623
1764	0	3.551	0.451251623
1765	0	3.552	0.451251623
1766	0	3.552	0.451251623
1767	0	3.553	0.451251623
1768	0	3.553	0.451251623
1769	0	3.553	0.451251623
1770	0	3.554	0.451251623
1771	0	3.554	0.451251623
1772	0	3.554	0.451251623
1773	0	3.555	0.451251623
1774	0	3.555	0.451251623
1775	0	3.555	0.451251623
1776	0	3.556	0.451251623
1777	0	3.556	0.451251623
1778	0	3.556	0.451251623
1779	0	3.556	0.451251623
1780	0	3.556	0.451251623
1781	0	3.557	0.451251623
1782	0	3.557	0.451251623
1783	0	3.557	0.451251623
1784	0	3.558	0.451251623
1785	0	3.558	0.451251623
1786	0	3.558	0.451251623
1787	0	3.559	0.451251623
1788	0	3.559	0.451251623
1789	0	3.559	0.451251623
1790	0	3.559	0.451251623
1791	0	3.559	0.451251623
1792	0	3.559	0.451251623
1793	0	3.559	0.451251623
1794	0	3.559	0.451251623
1795	0	3.56	0.451251623
1796	0	3.56	0.451251623
1797	0	3.56	0.451251623
1798	0	3.56	0.451251623
1799	0	3.56	0.451251623
1800	0	3.561	0.451251623
1801	0	3.561	0.451251623
1802	0	3.561	0.451251623
1803	0	3.561	0.451251623
1804	0	3.561	0.451251623
1805	0	3.561	0.451251623
1806	0	3.562	0.451251623
1807	0	3.562	0.451251623
1808	0	3.562	0.451251623
1809	0	3.562	0.451251623
1810	0	3.562	0.451251623
1811	0	3.562	0.451251623
1812	0	3.562	0.451251623
1813	0	3.562	0.451251623
1814	0	3.562	0.451251623
1815	0	3.563	0.451251623
1816	0	3.563	0.451251623
1817	0	3.563	0.451251623
1818	0	3.563	0.451251623
1819	0	3.563	0.451251623
1820	0	3.563	0.451251623
1821	0	3.563	0.451251623
1822	0	3.563	0.451251623
1823	0	3.563	0.451251623
1824	0	3.563	0.451251623
1825	0	3.564	0.451251623
1826	0	3.564	0.451251623
1827	0	3.564	0.451251623
1828	0	3.564	0.451251623
1829	0	3.564	0.451251623
1830	0	3.564	0.451251623
1831	0	3.564	0.451251623
1832	0	3.564	0.451251623
1833	0	3.564	0.451251623
1834	0	3.565	0.451251623
1835	0	3.565	0.451251623
1836	0	3.565	0.451251623
1837	0	3.565	0.451251623
1838	0	3.565	0.451251623
1839	0	3.565	0.451251623
1840	0	3.565	0.451251623
1841	0	3.565	0.451251623
1842	0	3.565	0.451251623
1843	0	3.565	0.451251623
1844	0	3.565	0.451251623
1845	0	3.565	0.451251623
1846	0	3.565	0.451251623
1847	0	3.565	0.451251623
1848	0	3.565	0.451251623
1849	0	3.565	0.451251623
1850	0	3.566	0.451251623
1851	0	3.566	0.451251623
1852	0	3.566	0.451251623
1853	0	3.566	0.451251623
1854	0	3.566	0.451251623
1855	0	3.566	0.451251623
1856	0	3.566	0.451251623
1857	0	3.566	0.451251623
1858	0	3.566	0.451251623
1859	0	3.566	0.451251623
1860	0	3.566	0.451251623
1861	0	3.567	0.451251623
1862	0	3.566	0.451251623
1863	0	3.567	0.451251623
1864	0	3.567	0.451251623
1865	0	3.567	0.451251623
1866	0	3.567	0.451251623
1867	0	3.567	0.451251623
1868	0	3.567	0.451251623
1869	0	3.567	0.451251623
1870	0	3.567	0.451251623
1871	0	3.567	0.451251623
1872	0	3.567	0.451251623
1873	0	3.567	0.451251623
1874	0	3.567	0.451251623
1875	0	3.567	0.451251623
1876	0	3.568	0.451251623
1877	0	3.568	0.451251623
1878	0	3.568	0.451251623
1879	0	3.568	0.451251623
1880	0	3.568	0.451251623
1881	0	3.568	0.451251623
1882	0	3.568	0.451251623
1883	0	3.568	0.451251623
1884	0	3.568	0.451251623
1885	0	3.568	0.451251623
1886	0	3.568	0.451251623
1887	0	3.568	0.451251623
1888	0	3.568	0.451251623
1889	0	3.568	0.451251623
1890	0	3.568	0.451251623
1891	0	3.568	0.451251623
1892	0	3.568	0.451251623
1893	0	3.568	0.451251623
1894	0	3.568	0.451251623
1895	0	3.568	0.451251623
1896	0	3.568	0.451251623
1897	0	3.568	0.451251623
1898	0	3.568	0.451251623
1899	0	3.568	0.451251623
1900	0	3.569	0.451251623
1901	0	3.569	0.451251623
1902	0	3.569	0.451251623
1903	0	3.569	0.451251623
1904	0	3.569	0.451251623
1905	0	3.569	0.451251623
1906	0	3.569	0.451251623
1907	0	3.569	0.451251623
1908	0	3.569	0.451251623
1909	0	3.569	0.451251623
1910	0	3.569	0.451251623
1911	0	3.569	0.451251623
1912	0	3.569	0.451251623
1913	0	3.569	0.451251623
1914	0	3.569	0.451251623
1915	0	3.569	0.451251623
1916	0	3.569	0.451251623
1917	0	3.569	0.451251623
1918	0	3.569	0.451251623
1919	0	3.569	0.451251623
1920	0	3.569	0.451251623
1921	0	3.57	0.451251623
1922	0	3.57	0.451251623
1923	0	3.57	0.451251623
1924	0	3.57	0.451251623
1925	0	3.57	0.451251623
1926	0	3.57	0.451251623
1927	0	3.57	0.451251623
1928	0	3.57	0.451251623
1929	0	3.57	0.451251623
1930	0	3.57	0.451251623
1931	0	3.57	0.451251623
1932	0	3.57	0.451251623
1933	0	3.57	0.451251623
1934	0	3.57	0.451251623
1935	0	3.57	0.451251623
1936	0	3.57	0.451251623
1937	0	3.57	0.451251623
1938	0	3.57	0.451251623
1939	0	3.57	0.451251623
1940	0	3.57	0.451251623
1941	0	3.57	0.451251623
1942	0	3.57	0.451251623
1943	0	3.57	0.451251623
1944	0	3.57	0.451251623
1945	0	3.57	0.451251623
1946	0	3.57	0.451251623
1947	0	3.57	0.451251623
1948	0	3.571	0.451251623
1949	0	3.571	0.451251623
1950	0	3.571	0.451251623
1951	0	3.57	0.451251623
1952	0	3.571	0.451251623
1953	0	3.57	0.451251623
1954	0	3.57	0.451251623
1955	0	3.571	0.451251623
1956	0	3.571	0.451251623
1957	0	3.571	0.451251623
1958	0	3.571	0.451251623
1959	0	3.571	0.451251623
1960	0	3.571	0.451251623
1961	0	3.571	0.451251623
1962	0	3.571	0.451251623
1963	0	3.571	0.451251623
1964	0	3.571	0.451251623
1965	0	3.571	0.451251623
1966	0	3.571	0.451251623
1967	0	3.571	0.451251623
1968	0	3.571	0.451251623
1969	0	3.571	0.451251623
1970	0	3.571	0.451251623
1971	0	3.572	0.451251623
1972	0	3.571	0.451251623
1973	0	3.572	0.451251623
1974	0	3.572	0.451251623
1975	0	3.572	0.451251623
1976	0	3.572	0.451251623
1977	0	3.572	0.451251623
1978	0	3.572	0.451251623
1979	0	3.572	0.451251623
1980	0	3.572	0.451251623
1981	0	3.572	0.451251623
1982	0	3.572	0.451251623
1983	0	3.572	0.451251623
1984	0	3.572	0.451251623
1985	0	3.572	0.451251623
1986	0	3.572	0.451251623
1987	0	3.572	0.451251623
1988	0	3.572	0.451251623
1989	0	3.572	0.451251623
1990	0	3.572	0.451251623
1991	0	3.572	0.451251623
1992	0	3.572	0.451251623
1993	0	3.572	0.451251623
1994	0	3.572	0.451251623
1995	0	3.572	0.451251623
1996	0	3.572	0.451251623
1997	0	3.572	0.451251623
1998	0	3.572	0.451251623
1999	0	3.572	0.451251623
2000	0	3.572	0.451251623
2001	0	3.572	0.451251623
2002	0	3.572	0.451251623
2003	0	3.572	0.451251623
2004	0	3.572	0.451251623
2005	0	3.572	0.451251623
2006	0	3.572	0.451251623
2007	0	3.572	0.451251623
2008	0	3.572	0.451251623
2009	0	3.572	0.451251623
2010	0	3.572	0.451251623
2011	0	3.572	0.451251623
2012	0	3.572	0.451251623
2013	0	3.572	0.451251623
2014	0	3.572	0.451251623
2015	0	3.572	0.451251623
2016	0	3.572	0.451251623
2017	0	3.572	0.451251623
2018	0	3.572	0.451251623
2019	0	3.572	0.451251623
2020	0	3.572	0.451251623
2021	0	3.572	0.451251623
2022	0	3.572	0.451251623
2023	0	3.572	0.451251623
2024	0	3.572	0.451251623
2025	0	3.573	0.451251623
2026	0	3.573	0.451251623
2027	0	3.573	0.451251623
2028	0	3.572	0.451251623
2029	0	3.572	0.451251623
2030	0	3.572	0.451251623
2031	0	3.572	0.451251623
2032	0	3.572	0.451251623
2033	0	3.572	0.451251623
2034	0	3.572	0.451251623
2035	0	3.573	0.451251623
2036	0	3.573	0.451251623
2037	0	3.572	0.451251623
2038	0	3.573	0.451251623
2039	0	3.573	0.451251623
2040	0	3.573	0.451251623
2041	0	3.573	0.451251623
2042	0	3.573	0.451251623
2043	0	3.573	0.451251623
2044	0	3.573	0.451251623
2045	0	3.573	0.451251623
2046	0	3.573	0.451251623
2047	0	3.573	0.451251623
2048	0	3.573	0.451251623
2049	0	3.573	0.451251623
2050	0	3.573	0.451251623
2051	0	3.573	0.451251623
2052	0	3.573	0.451251623
2053	0	3.573	0.451251623
2054	0	3.573	0.451251623
2055	0	3.573	0.451251623
2056	0	3.574	0.451251623
2057	0	3.573	0.451251623
2058	0	3.573	0.451251623
2059	0	3.573	0.451251623
2060	0	3.573	0.451251623
2061	0	3.573	0.451251623
2062	0	3.573	0.451251623
2063	0	3.573	0.451251623
2064	0	3.574	0.451251623
2065	0	3.573	0.451251623
2066	0	3.574	0.451251623
2067	0	3.574	0.451251623
2068	0	3.574	0.451251623
2069	0	3.574	0.451251623
2070	0	3.574	0.451251623
2071	0	3.574	0.451251623
2072	0	3.573	0.451251623
2073	0	3.573	0.451251623
2074	0	3.574	0.451251623
2075	0	3.574	0.451251623
2076	0	3.574	0.451251623
2077	0	3.574	0.451251623
2078	0	3.574	0.451251623
2079	0	3.574	0.451251623
2080	0	3.574	0.451251623
2081	0	3.574	0.451251623
2082	0	3.574	0.451251623
2083	0	3.574	0.451251623
2084	0	3.574	0.451251623
2085	0	3.574	0.451251623
2086	0	3.574	0.451251623
2087	0	3.574	0.451251623
2088	0	3.574	0.451251623
2089	0	3.574	0.451251623
2090	0	3.574	0.451251623
2091	0	3.574	0.451251623
2092	0	3.574	0.451251623
2093	0	3.574	0.451251623
2094	0	3.574	0.451251623
2095	0	3.574	0.451251623
2096	0	3.574	0.451251623
2097	0	3.574	0.451251623
2098	0	3.574	0.451251623
2099	0	3.574	0.451251623
2100	0	3.574	0.451251623
2101	0	3.574	0.451251623
2102	0	3.574	0.451251623
2103	0	3.574	0.451251623
2104	0	3.574	0.451251623
2105	0	3.574	0.451251623
2106	0	3.574	0.451251623
2107	0	3.574	0.451251623
2108	0	3.574	0.451251623
2109	0	3.574	0.451251623
2110	0	3.574	0.451251623
2111	0	3.574	0.451251623
2112	0	3.574	0.451251623
2113	0	3.574	0.451251623
2114	0	3.574	0.451251623
2115	0	3.574	0.451251623
2116	0	3.574	0.451251623
2117	0	3.574	0.451251623
2118	0	3.574	0.451251623
2119	0	3.574	0.451251623
2120	0	3.574	0.451251623
2121	0	3.574	0.451251623
2122	0	3.574	0.451251623
2123	0	3.574	0.451251623
2124	0	3.574	0.451251623
2125	0	3.575	0.451251623
2126	0	3.575	0.451251623
2127	0	3.574	0.451251623
2128	0	3.574	0.451251623
2129	0	3.574	0.451251623
2130	0	3.574	0.451251623
2131	0	3.575	0.451251623
2132	0	3.575	0.451251623
2133	0	3.575	0.451251623
2134	0	3.574	0.451251623
2135	0	3.575	0.451251623
2136	0	3.575	0.451251623
2137	0	3.574	0.451251623
2138	0	3.574	0.451251623
2139	0	3.575	0.451251623
2140	0	3.575	0.451251623
2141	0	3.575	0.451251623
2142	0	3.575	0.451251623
2143	0	3.575	0.451251623
2144	0	3.575	0.451251623
2145	0	3.575	0.451251623
2146	0	3.575	0.451251623
2147	0	3.575	0.451251623
2148	0	3.575	0.451251623
2149	0	3.575	0.451251623
2150	0	3.575	0.451251623
2151	0	3.575	0.451251623
2152	0	3.575	0.451251623
2153	0	3.575	0.451251623
2154	0	3.575	0.451251623
2155	0	3.575	0.451251623
2156	0	3.575	0.451251623
2157	0	3.575	0.451251623
2158	0	3.575	0.451251623
2159	0	3.575	0.451251623
2160	0	3.575	0.451251623
2161	0	3.575	0.451251623
2162	0	3.575	0.451251623
2163	0	3.575	0.451251623
2164	0	3.575	0.451251623
2165	0	3.575	0.451251623
2166	0	3.575	0.451251623
2167	0	3.575	0.451251623
2168	0	3.575	0.451251623
2169	0	3.575	0.451251623
2170	0	3.575	0.451251623
2171	0	3.575	0.451251623
2172	0	3.575	0.451251623
2173	0	3.575	0.451251623
2174	0	3.575	0.451251623
2175	0	3.575	0.451251623
2176	0	3.575	0.451251623
2177	0	3.575	0.451251623
2178	0	3.576	0.451251623
2179	0	3.575	0.451251623
2180	0	3.575	0.451251623
2181	0	3.576	0.451251623
2182	0	3.576	0.451251623
2183	0	3.575	0.451251623
2184	0	3.576	0.451251623
2185	0	3.576	0.451251623
2186	0	3.576	0.451251623
2187	0	3.576	0.451251623
2188	0	3.576	0.451251623
2189	0	3.576	0.451251623
2190	0	3.575	0.451251623
2191	0	3.576	0.451251623
2192	0	3.576	0.451251623
2193	0	3.576	0.451251623
2194	0	3.575	0.451251623
2195	0	3.576	0.451251623
2196	0	3.576	0.451251623
2197	0	3.576	0.451251623
2198	0	3.576	0.451251623
2199	0	3.576	0.451251623
2200	0	3.576	0.451251623
2201	0	3.576	0.451251623
2202	0	3.575	0.451251623
2203	0	3.575	0.451251623
2204	0	3.576	0.451251623
2205	0	3.576	0.451251623
2206	0	3.576	0.451251623
2207	0	3.576	0.451251623
2208	0	3.576	0.451251623
2209	0	3.576	0.451251623
2210	0	3.576	0.451251623
2211	0	3.576	0.451251623
2212	0	3.576	0.451251623
2213	0	3.576	0.451251623
2214	0	3.576	0.451251623
2215	0	3.576	0.451251623
2216	0	3.576	0.451251623
2217	0	3.576	0.451251623
2218	0	3.576	0.451251623
2219	0	3.576	0.451251623
2220	0	3.576	0.451251623
2221	0	3.576	0.451251623
2222	0	3.576	0.451251623
2223	0	3.576	0.451251623
2224	0	3.576	0.451251623
2225	0	3.576	0.451251623
2226	0	3.576	0.451251623
2227	0	3.576	0.451251623
2228	0	3.576	0.451251623
2229	0	3.576	0.451251623
2230	0	3.576	0.451251623
2231	0	3.576	0.451251623
2232	0	3.576	0.451251623
2233	0	3.576	0.451251623
2234	0	3.576	0.451251623
2235	0	3.576	0.451251623
2236	0	3.576	0.451251623
2237	0	3.576	0.451251623
2238	0	3.576	0.451251623
2239	0	3.576	0.451251623
2240	0	3.576	0.451251623
2241	0	3.576	0.451251623
2242	0	3.576	0.451251623
2243	0	3.576	0.451251623
2244	0	3.576	0.451251623
2245	0	3.576	0.451251623
2246	0	3.576	0.451251623
2247	0	3.576	0.451251623
2248	0	3.576	0.451251623
2249	0	3.576	0.451251623
2250	0	3.576	0.451251623
2251	0	3.576	0.451251623
2252	0	3.576	0.451251623
2253	0	3.576	0.451251623
2254	0	3.576	0.451251623
2255	0	3.576	0.451251623
2256	0	3.576	0.451251623
2257	0	3.576	0.451251623
2258	0	3.576	0.451251623
2259	0	3.576	0.451251623
2260	0	3.576	0.451251623
2261	0	3.577	0.451251623
2262	0	3.577	0.451251623
2263	0	3.577	0.451251623
2264	0	3.577	0.451251623
2265	0	3.577	0.451251623
2266	0	3.577	0.451251623
2267	0	3.577	0.451251623
2268	0	3.576	0.451251623
2269	0	3.576	0.451251623
2270	0	3.576	0.451251623
2271	0	3.576	0.451251623
2272	0	3.576	0.451251623
2273	0	3.576	0.451251623
2274	0	3.576	0.451251623
2275	0	3.577	0.451251623
2276	0	3.577	0.451251623
2277	0	3.577	0.451251623
2278	0	3.577	0.451251623
2279	0	3.577	0.451251623
2280	0	3.577	0.451251623
2281	0	3.576	0.451251623
2282	0	3.576	0.451251623
2283	0	3.577	0.451251623
2284	0	3.577	0.451251623
2285	0	3.577	0.451251623
2286	0	3.576	0.451251623
2287	0	3.577	0.451251623
2288	0	3.577	0.451251623
2289	0	3.577	0.451251623
2290	0	3.577	0.451251623
2291	0	3.577	0.451251623
2292	0	3.577	0.451251623
2293	0	3.577	0.451251623
2294	0	3.577	0.451251623
2295	0	3.577	0.451251623
2296	0	3.577	0.451251623
2297	0	3.577	0.451251623
2298	0	3.577	0.451251623
2299	0	3.577	0.451251623
2300	0	3.577	0.451251623
2301	0	3.577	0.451251623
2302	0	3.577	0.451251623
2303	0	3.577	0.451251623
2304	0	3.577	0.451251623
2305	0	3.577	0.451251623
2306	0	3.577	0.451251623
2307	0	3.577	0.451251623
2308	0	3.577	0.451251623
2309	0	3.577	0.451251623
2310	0	3.577	0.451251623
2311	0	3.577	0.451251623
2312	0	3.577	0.451251623
2313	0	3.577	0.451251623
2314	0	3.577	0.451251623
2315	0	3.577	0.451251623
2316	0	3.577	0.451251623
2317	0	3.577	0.451251623
2318	0	3.577	0.451251623
2319	0	3.577	0.451251623
2320	0	3.577	0.451251623
2321	0	3.577	0.451251623
2322	0	3.577	0.451251623
2323	0	3.577	0.451251623
2324	0	3.577	0.451251623
2325	0	3.577	0.451251623
2326	0	3.577	0.451251623
2327	0	3.577	0.451251623
2328	0	3.577	0.451251623
2329	0	3.577	0.451251623
2330	0	3.577	0.451251623
2331	0	3.577	0.451251623
2332	0	3.577	0.451251623
2333	0	3.577	0.451251623
2334	0	3.577	0.451251623
2335	0	3.577	0.451251623
2336	0	3.577	0.451251623
2337	0	3.577	0.451251623
2338	0	3.577	0.451251623
2339	0	3.577	0.451251623
2340	0	3.577	0.451251623
2341	0	3.577	0.451251623
2342	0	3.577	0.451251623
2343	0	3.577	0.451251623
2344	0	3.577	0.451251623
2345	0	3.577	0.451251623
2346	0	3.577	0.451251623
2347	0	3.577	0.451251623
2348	0	3.577	0.451251623
2349	0	3.577	0.451251623
2350	0	3.577	0.451251623
2351	0	3.577	0.451251623
2352	0	3.577	0.451251623
2353	0	3.577	0.451251623
2354	0	3.577	0.451251623
2355	0	3.577	0.451251623
2356	0	3.577	0.451251623
2357	0	3.577	0.451251623
2358	0	3.577	0.451251623
2359	0	3.577	0.451251623
2360	0	3.577	0.451251623
2361	0	3.577	0.451251623
2362	0	3.577	0.451251623
2363	0	3.577	0.451251623
2364	0	3.577	0.451251623
2365	0	3.577	0.451251623
2366	0	3.577	0.451251623
2367	0	3.577	0.451251623
2368	0	3.577	0.451251623
2369	0	3.577	0.451251623
2370	0	3.577	0.451251623
2371	0	3.577	0.451251623
2372	0	3.577	0.451251623
2373	0	3.577	0.451251623
2374	0	3.577	0.451251623
2375	0	3.577	0.451251623
2376	0	3.577	0.451251623
2377	0	3.577	0.451251623
2378	0	3.577	0.451251623
2379	0	3.577	0.451251623
2380	0	3.577	0.451251623
2381	0	3.577	0.451251623
2382	0	3.577	0.451251623
2383	0	3.577	0.451251623
2384	0	3.577	0.451251623
2385	0	3.577	0.451251623
2386	0	3.577	0.451251623
2387	0	3.577	0.451251623
2388	0	3.577	0.451251623
2389	0	3.577	0.451251623
2390	0	3.578	0.451251623
2391	0	3.578	0.451251623
2392	0	3.577	0.451251623
2393	0	3.577	0.451251623
2394	0	3.577	0.451251623
2395	0	3.578	0.451251623
2396	0	3.578	0.451251623
2397	0	3.577	0.451251623
2398	0	3.577	0.451251623
2399	0	3.577	0.451251623
2400	0	3.577	0.451251623
2401	0	3.578	0.451251623
2402	0	3.578	0.451251623
2403	0	3.577	0.451251623
2404	0	3.577	0.451251623
2405	0	3.577	0.451251623
2406	0	3.577	0.451251623
2407	0	3.578	0.451251623
2408	0	3.577	0.451251623
2409	0	3.577	0.451251623
2410	0	3.577	0.451251623
2411	0	3.578	0.451251623
2412	0	3.577	0.451251623
2413	0	3.577	0.451251623
2414	0	3.577	0.451251623
2415	0	3.577	0.451251623
2416	0	3.578	0.451251623
2417	0	3.578	0.451251623
2418	0	3.578	0.451251623
2419	0	3.578	0.451251623
2420	0	3.577	0.451251623
2421	0	3.578	0.451251623
2422	0	3.578	0.451251623
2423	0	3.578	0.451251623
2424	0	3.577	0.451251623
2425	0	3.578	0.451251623
2426	0	3.578	0.451251623
2427	0	3.577	0.451251623
2428	0	3.577	0.451251623
2429	0	3.578	0.451251623
2430	0	3.578	0.451251623
2431	0	3.578	0.451251623
2432	0	3.577	0.451251623
2433	0	3.577	0.451251623
2434	0	3.578	0.451251623
2435	0	3.578	0.451251623
2436	0	3.578	0.451251623
2437	0	3.578	0.451251623
2438	0	3.578	0.451251623
2439	0	3.578	0.451251623
2440	0	3.577	0.451251623
2441	0	3.577	0.451251623
2442	0	3.577	0.451251623
2443	0	3.577	0.451251623
2444	0	3.577	0.451251623
2445	0	3.577	0.451251623
2446	0	3.578	0.451251623
2447	0	3.578	0.451251623
2448	0	3.577	0.451251623
2449	0	3.577	0.451251623
2450	0	3.578	0.451251623
2451	0	3.578	0.451251623
2452	0	3.578	0.451251623
2453	0	3.578	0.451251623
2454	0	3.578	0.451251623
2455	0	3.578	0.451251623
2456	0	3.577	0.451251623
2457	0	3.578	0.451251623
2458	0	3.578	0.451251623
2459	0	3.578	0.451251623
2460	0	3.578	0.451251623
2461	0	3.577	0.451251623
2462	0	3.577	0.451251623
2463	0	3.578	0.451251623
2464	0	3.578	0.451251623
2465	0	3.578	0.451251623
2466	0	3.578	0.451251623
2467	0	3.578	0.451251623
2468	0	3.578	0.451251623
2469	0	3.578	0.451251623
2470	0	3.578	0.451251623
2471	0	3.578	0.451251623
2472	0	3.578	0.451251623
2473	0	3.578	0.451251623
2474	0	3.578	0.451251623
2475	0	3.578	0.451251623
2476	0	3.578	0.451251623
2477	0	3.578	0.451251623
2478	0	3.578	0.451251623
2479	0	3.578	0.451251623
2480	0	3.578	0.451251623
2481	0	3.577	0.451251623
2482	0	3.578	0.451251623
2483	0	3.578	0.451251623
2484	0	3.578	0.451251623
2485	0	3.578	0.451251623
2486	0	3.578	0.451251623
2487	0	3.578	0.451251623
2488	0	3.578	0.451251623
2489	0	3.578	0.451251623
2490	0	3.578	0.451251623
2491	0	3.578	0.451251623
2492	0	3.578	0.451251623
2493	0	3.578	0.451251623
2494	0	3.578	0.451251623
2495	0	3.578	0.451251623
2496	0	3.578	0.451251623
2497	0	3.578	0.451251623
2498	0	3.578	0.451251623
2499	0	3.578	0.451251623
2500	0	3.578	0.451251623
2501	0	3.578	0.451251623
2502	0	3.578	0.451251623
2503	0	3.578	0.451251623
2504	0	3.578	0.451251623
2505	0	3.578	0.451251623
2506	0	3.578	0.451251623
2507	0	3.578	0.451251623
2508	0	3.578	0.451251623
2509	0	3.578	0.451251623
2510	0	3.578	0.451251623
2511	0	3.578	0.451251623
2512	0	3.578	0.451251623
2513	0	3.578	0.451251623
2514	0	3.578	0.451251623
2515	0	3.578	0.451251623
2516	0	3.578	0.451251623
2517	0	3.578	0.451251623
2518	0	3.578	0.451251623
2519	0	3.578	0.451251623
2520	0	3.578	0.451251623
2521	0	3.578	0.451251623
2522	0	3.578	0.451251623
2523	0	3.578	0.451251623
2524	0	3.578	0.451251623
2525	0	3.578	0.451251623
2526	0	3.578	0.451251623
2527	0	3.578	0.451251623
2528	0	3.578	0.451251623
2529	0	3.578	0.451251623
2530	0	3.578	0.451251623
2531	0	3.578	0.451251623
2532	0	3.578	0.451251623
2533	0	3.578	0.451251623
2534	0	3.578	0.451251623
2535	0	3.578	0.451251623
2536	0	3.578	0.451251623
2537	0	3.578	0.451251623
2538	0	3.578	0.451251623
2539	0	3.578	0.451251623
2540	0	3.578	0.451251623
2541	0	3.578	0.451251623
2542	0	3.578	0.451251623
2543	0	3.578	0.451251623
2544	0	3.578	0.451251623
2545	0	3.578	0.451251623
2546	0	3.578	0.451251623
2547	0	3.578	0.451251623
2548	0	3.578	0.451251623
2549	0	3.578	0.451251623
2550	0	3.578	0.451251623
2551	0	3.578	0.451251623
2552	0	3.578	0.451251623
2553	0	3.578	0.451251623
2554	0	3.578	0.451251623
2555	0	3.578	0.451251623
2556	0	3.578	0.451251623
2557	0	3.578	0.451251623
2558	0	3.578	0.451251623
2559	0	3.578	0.451251623
2560	0	3.578	0.451251623
2561	0	3.578	0.451251623
2562	0	3.578	0.451251623
2563	0	3.578	0.451251623
2564	0	3.578	0.451251623
2565	0	3.578	0.451251623
2566	0	3.578	0.451251623
2567	0	3.579	0.451251623
2568	0	3.579	0.451251623
2569	0	3.578	0.451251623
2570	0	3.579	0.451251623
2571	0	3.579	0.451251623
2572	0	3.579	0.451251623
2573	0	3.578	0.451251623
2574	0	3.579	0.451251623
2575	0	3.578	0.451251623
2576	0	3.579	0.451251623
2577	0	3.579	0.451251623
2578	0	3.579	0.451251623
2579	0	3.578	0.451251623
2580	0	3.579	0.451251623
2581	0	3.579	0.451251623
2582	0	3.578	0.451251623
2583	0	3.579	0.451251623
2584	0	3.579	0.451251623
2585	0	3.578	0.451251623
2586	0	3.578	0.451251623
2587	0	3.579	0.451251623
2588	0	3.578	0.451251623
2589	0	3.578	0.451251623
2590	0	3.578	0.451251623
2591	0	3.578	0.451251623
2592	0	3.578	0.451251623
2593	0	3.578	0.451251623
2594	0	3.579	0.451251623
2595	0	3.579	0.451251623
2596	0	3.579	0.451251623
2597	0	3.579	0.451251623
2598	0	3.579	0.451251623
2599	0	3.579	0.451251623
2600	0	3.579	0.451251623
2601	0	3.579	0.451251623
2602	0	3.578	0.451251623
2603	0	3.578	0.451251623
2604	0	3.578	0.451251623
2605	0	3.579	0.451251623
2606	0	3.579	0.451251623
2607	0	3.579	0.451251623
2608	0	3.578	0.451251623
2609	0	3.579	0.451251623
2610	0	3.579	0.451251623
2611	0	3.578	0.451251623
2612	0	3.578	0.451251623
2613	0	3.579	0.451251623
2614	0	3.579	0.451251623
2615	0	3.579	0.451251623
2616	0	3.578	0.451251623
2617	0	3.579	0.451251623
2618	0	3.579	0.451251623
2619	0	3.579	0.451251623
2620	0	3.579	0.451251623
2621	0	3.579	0.451251623
2622	0	3.579	0.451251623
2623	0	3.578	0.451251623
2624	0	3.578	0.451251623
2625	0	3.579	0.451251623
2626	0	3.579	0.451251623
2627	0	3.579	0.451251623
2628	0	3.579	0.451251623
2629	0	3.579	0.451251623
2630	0	3.579	0.451251623
2631	0	3.579	0.451251623
2632	0	3.579	0.451251623
2633	0	3.579	0.451251623
2634	0	3.579	0.451251623
2635	0	3.579	0.451251623
2636	0	3.579	0.451251623
2637	0	3.579	0.451251623
2638	0	3.579	0.451251623
2639	0	3.579	0.451251623
2640	0	3.579	0.451251623
2641	0	3.579	0.451251623
2642	0	3.579	0.451251623
2643	0	3.579	0.451251623
2644	0	3.579	0.451251623
2645	0	3.579	0.451251623
2646	0	3.579	0.451251623
2647	0	3.579	0.451251623
2648	0	3.579	0.451251623
2649	0	3.579	0.451251623
2650	0	3.579	0.451251623
2651	0	3.579	0.451251623
2652	0	3.579	0.451251623
2653	0	3.579	0.451251623
2654	0	3.579	0.451251623
2655	0	3.579	0.451251623
2656	0	3.579	0.451251623
2657	0	3.579	0.451251623
2658	0	3.579	0.451251623
2659	0	3.579	0.451251623
2660	0	3.579	0.451251623
2661	0	3.579	0.451251623
2662	0	3.579	0.451251623
2663	0	3.579	0.451251623
2664	0	3.579	0.451251623
2665	0	3.579	0.451251623
2666	0	3.579	0.451251623
2667	0	3.579	0.451251623
2668	0	3.579	0.451251623
2669	0	3.579	0.451251623
2670	0	3.579	0.451251623
2671	0	3.579	0.451251623
2672	0	3.579	0.451251623
2673	0	3.579	0.451251623
2674	0	3.579	0.451251623
2675	0	3.579	0.451251623
2676	0	3.579	0.451251623
2677	0	3.579	0.451251623
2678	0	3.579	0.451251623
2679	0	3.579	0.451251623
2680	0	3.579	0.451251623
2681	0	3.579	0.451251623
2682	0	3.579	0.451251623
2683	0	3.579	0.451251623
2684	0	3.579	0.451251623
2685	0	3.579	0.451251623
2686	0	3.579	0.451251623
2687	0	3.578	0.451251623
2688	0	3.579	0.451251623
2689	0	3.579	0.451251623
2690	0	3.579	0.451251623
2691	0	3.579	0.451251623
2692	0	3.579	0.451251623
2693	0	3.579	0.451251623
2694	0	3.579	0.451251623
2695	0	3.579	0.451251623
2696	0	3.579	0.451251623
2697	0	3.579	0.451251623
2698	0	3.579	0.451251623
2699	0	3.579	0.451251623
2700	0	3.579	0.451251623
2701	0	3.579	0.451251623
2702	0	3.579	0.451251623
2703	0	3.579	0.451251623
2704	0	3.579	0.451251623
2705	0	3.579	0.451251623
2706	0	3.579	0.451251623
2707	0	3.579	0.451251623
2708	0	3.579	0.451251623
2709	0	3.579	0.451251623
2710	0	3.579	0.451251623
2711	0	3.579	0.451251623
2712	0	3.579	0.451251623
2713	0	3.579	0.451251623
2714	0	3.579	0.451251623
2715	0	3.579	0.451251623
2716	0	3.579	0.451251623
2717	0	3.579	0.451251623
2718	0	3.579	0.451251623
2719	0	3.579	0.451251623
2720	0	3.579	0.451251623
2721	0	3.579	0.451251623
2722	0	3.579	0.451251623
2723	0	3.579	0.451251623
2724	0	3.579	0.451251623
2725	0	3.579	0.451251623
2726	0	3.579	0.451251623
2727	0	3.579	0.451251623
2728	0	3.579	0.451251623
2729	0	3.579	0.451251623
2730	0	3.579	0.451251623
2731	0	3.579	0.451251623
2732	0	3.579	0.451251623
2733	0	3.579	0.451251623
2734	0	3.579	0.451251623
2735	0	3.579	0.451251623
2736	0	3.579	0.451251623
2737	0	3.579	0.451251623
2738	0	3.579	0.451251623
2739	0	3.579	0.451251623
2740	0	3.579	0.451251623
2741	0	3.579	0.451251623
2742	0	3.579	0.451251623
2743	0	3.579	0.451251623
2744	0	3.579	0.451251623
2745	0	3.579	0.451251623
2746	0	3.579	0.451251623
2747	0	3.579	0.451251623
2748	0	3.579	0.451251623
2749	0	3.579	0.451251623
2750	0	3.579	0.451251623
2751	0	3.579	0.451251623
2752	0	3.579	0.451251623
2753	0	3.579	0.451251623
2754	0	3.579	0.451251623
2755	0	3.579	0.451251623
2756	0	3.579	0.451251623
2757	0	3.579	0.451251623
2758	0	3.579	0.451251623
2759	0	3.579	0.451251623
2760	0	3.579	0.451251623
2761	0	3.579	0.451251623
2762	0	3.579	0.451251623
2763	0	3.579	0.451251623
2764	0	3.579	0.451251623
2765	0	3.579	0.451251623
2766	0	3.579	0.451251623
2767	0	3.579	0.451251623
2768	0	3.579	0.451251623
2769	0	3.579	0.451251623
2770	0	3.579	0.451251623
2771	0	3.579	0.451251623
2772	0	3.579	0.451251623
2773	0	3.579	0.451251623
2774	0	3.579	0.451251623
2775	0	3.579	0.451251623
2776	0	3.579	0.451251623
2777	0	3.579	0.451251623
2778	0	3.579	0.451251623
2779	0	3.579	0.451251623
2780	0	3.579	0.451251623
2781	0	3.579	0.451251623
2782	0	3.579	0.451251623
2783	0	3.579	0.451251623
2784	0	3.579	0.451251623
2785	0	3.579	0.451251623
2786	0	3.579	0.451251623
2787	0	3.579	0.451251623
2788	0	3.579	0.451251623
2789	0	3.579	0.451251623
2790	0	3.579	0.451251623
2791	0	3.579	0.451251623
2792	0	3.579	0.451251623
2793	0	3.579	0.451251623
2794	0	3.579	0.451251623
2795	0	3.579	0.451251623
2796	0	3.579	0.451251623
2797	0	3.579	0.451251623
2798	0	3.579	0.451251623
2799	0	3.579	0.451251623
2800	0	3.579	0.451251623
2801	0	3.579	0.451251623
2802	0	3.579	0.451251623
2803	0	3.579	0.451251623
2804	0	3.579	0.451251623
2805	0	3.579	0.451251623
2806	0	3.579	0.451251623
2807	0	3.579	0.451251623
2808	0	3.579	0.451251623
2809	0	3.579	0.451251623
2810	0	3.579	0.451251623
2811	0	3.579	0.451251623
2812	0	3.579	0.451251623
2813	0	3.579	0.451251623
2814	0	3.579	0.451251623
2815	0	3.579	0.451251623
2816	0	3.579	0.451251623
2817	0	3.579	0.451251623
2818	0	3.579	0.451251623
2819	0	3.579	0.451251623
2820	0	3.579	0.451251623
2821	0	3.579	0.451251623
2822	0	3.579	0.451251623
2823	0	3.579	0.451251623
2824	0	3.579	0.451251623
2825	0	3.579	0.451251623
2826	0	3.579	0.451251623
2827	0	3.579	0.451251623
2828	0	3.579	0.451251623
2829	0	3.579	0.451251623
2830	0	3.579	0.451251623
2831	0	3.579	0.451251623
2832	0	3.58	0.451251623
2833	0	3.579	0.451251623
2834	0	3.579	0.451251623
2835	0	3.579	0.451251623
2836	0	3.579	0.451251623
2837	0	3.579	0.451251623
2838	0	3.579	0.451251623
2839	0	3.58	0.451251623
2840	0	3.579	0.451251623
2841	0	3.58	0.451251623
2842	0	3.579	0.451251623
2843	0	3.579	0.451251623
2844	0	3.579	0.451251623
2845	0	3.579	0.451251623
2846	0	3.579	0.451251623
2847	0	3.579	0.451251623
2848	0	3.579	0.451251623
2849	0	3.579	0.451251623
2850	0	3.579	0.451251623
2851	0	3.579	0.451251623
2852	0	3.579	0.451251623
2853	0	3.579	0.451251623
2854	0	3.58	0.451251623
2855	0	3.579	0.451251623
2856	0	3.579	0.451251623
2857	0	3.579	0.451251623
2858	0	3.579	0.451251623
2859	0	3.579	0.451251623
2860	0	3.58	0.451251623
2861	0	3.579	0.451251623
2862	0	3.579	0.451251623
2863	0	3.579	0.451251623
2864	0	3.579	0.451251623
2865	0	3.579	0.451251623
2866	0	3.579	0.451251623
2867	0	3.58	0.451251623
2868	0	3.58	0.451251623
2869	0	3.579	0.451251623
2870	0	3.579	0.451251623
2871	0	3.579	0.451251623
2872	0	3.58	0.451251623
2873	0	3.579	0.451251623
2874	0	3.579	0.451251623
2875	0	3.579	0.451251623
2876	0	3.579	0.451251623
2877	0	3.579	0.451251623
2878	0	3.579	0.451251623
2879	0	3.579	0.451251623
2880	0	3.579	0.451251623
2881	0	3.579	0.451251623
2882	0	3.579	0.451251623
2883	0	3.579	0.451251623
2884	0	3.58	0.451251623
2885	0	3.58	0.451251623
2886	0	3.579	0.451251623
2887	0	3.58	0.451251623
2888	0	3.58	0.451251623
2889	0	3.58	0.451251623
2890	0	3.58	0.451251623
2891	0	3.58	0.451251623
2892	0	3.58	0.451251623
2893	0	3.58	0.451251623
2894	0	3.58	0.451251623
2895	0	3.58	0.451251623
2896	0	3.58	0.451251623
2897	0	3.58	0.451251623
2898	0	3.58	0.451251623
2899	0	3.579	0.451251623
2900	0	3.579	0.451251623
2901	0	3.579	0.451251623
2902	0	3.58	0.451251623
2903	0	3.58	0.451251623
2904	0	3.58	0.451251623
2905	0	3.58	0.451251623
2906	0	3.58	0.451251623
2907	0	3.58	0.451251623
2908	0	3.58	0.451251623
2909	0	3.58	0.451251623
2910	0	3.58	0.451251623
2911	0	3.58	0.451251623
2912	0	3.579	0.451251623
2913	0	3.58	0.451251623
2914	0	3.58	0.451251623
2915	0	3.58	0.451251623
2916	0	3.58	0.451251623
2917	0	3.58	0.451251623
2918	0	3.58	0.451251623
2919	0	3.579	0.451251623
2920	0	3.58	0.451251623
2921	0	3.579	0.451251623
2922	0	3.58	0.451251623
2923	0	3.58	0.451251623
2924	0	3.58	0.451251623
2925	0	3.58	0.451251623
2926	0	3.58	0.451251623
2927	0	3.58	0.451251623
2928	0	3.58	0.451251623
2929	0	3.58	0.451251623
2930	0	3.58	0.451251623
2931	0	3.58	0.451251623
2932	0	3.58	0.451251623
2933	0	3.58	0.451251623
2934	0	3.58	0.451251623
2935	0	3.58	0.451251623
2936	0	3.58	0.451251623
2937	0	3.58	0.451251623
2938	0	3.58	0.451251623
2939	0	3.58	0.451251623
2940	0	3.58	0.451251623
2941	0	3.58	0.451251623
2942	0	3.58	0.451251623
2943	0	3.58	0.451251623
2944	0	3.58	0.451251623
2945	0	3.58	0.451251623
2946	0	3.58	0.451251623
2947	0	3.58	0.451251623
2948	0	3.58	0.451251623
2949	0	3.58	0.451251623
2950	0	3.58	0.451251623
2951	0	3.58	0.451251623
2952	0	3.58	0.451251623
2953	0	3.58	0.451251623
2954	0	3.58	0.451251623
2955	0	3.58	0.451251623
2956	0	3.58	0.451251623
2957	0	3.58	0.451251623
2958	0	3.58	0.451251623
2959	0	3.58	0.451251623
2960	0	3.58	0.451251623
2961	0	3.58	0.451251623
2962	0	3.58	0.451251623
2963	0	3.579	0.451251623
2964	0	3.58	0.451251623
2965	0	3.58	0.451251623
2966	0	3.58	0.451251623
2967	0	3.58	0.451251623
2968	0	3.58	0.451251623
2969	0	3.58	0.451251623
2970	0	3.58	0.451251623
2971	0	3.58	0.451251623
2972	0	3.58	0.451251623
2973	0	3.58	0.451251623
2974	0	3.58	0.451251623
2975	0	3.58	0.451251623
2976	0	3.58	0.451251623
2977	0	3.58	0.451251623
2978	0	3.58	0.451251623
2979	0	3.58	0.451251623
2980	0	3.58	0.451251623
2981	0	3.58	0.451251623
2982	0	3.58	0.451251623
2983	0	3.58	0.451251623
2984	0	3.58	0.451251623
2985	0	3.58	0.451251623
2986	0	3.58	0.451251623
2987	0	3.58	0.451251623
2988	0	3.58	0.451251623
2989	0	3.58	0.451251623
2990	0	3.58	0.451251623
2991	0	3.58	0.451251623
2992	0	3.58	0.451251623
2993	0	3.58	0.451251623
2994	0	3.58	0.451251623
2995	0	3.58	0.451251623
2996	0	3.58	0.451251623
2997	0	3.58	0.451251623
2998	0	3.58	0.451251623
2999	0	3.58	0.451251623
3000	0	3.58	0.451251623
3001	0	3.58	0.451251623
3002	0	3.58	0.451251623
3003	0	3.58	0.451251623
3004	0	3.58	0.451251623
3005	0	3.58	0.451251623
3006	0	3.58	0.451251623
3007	0	3.58	0.451251623
3008	0	3.58	0.451251623
3009	0	3.58	0.451251623
3010	0	3.58	0.451251623
3011	0	3.58	0.451251623
3012	0	3.58	0.451251623
3013	0	3.58	0.451251623
3014	0	3.58	0.451251623
3015	0	3.58	0.451251623
3016	0	3.58	0.451251623
3017	0	3.58	0.451251623
3018	0	3.58	0.451251623
3019	0	3.58	0.451251623
3020	0	3.58	0.451251623
3021	0	3.58	0.451251623
3022	0	3.58	0.451251623
3023	0	3.58	0.451251623
3024	0	3.58	0.451251623
3025	0	3.58	0.451251623
3026	0	3.58	0.451251623
3027	0	3.58	0.451251623
3028	0	3.58	0.451251623
3029	0	3.58	0.451251623
3030	0	3.58	0.451251623
3031	0	3.58	0.451251623
3032	0	3.58	0.451251623
3033	0	3.58	0.451251623
3034	0	3.58	0.451251623
3035	0	3.58	0.451251623
3036	0	3.58	0.451251623
3037	0	3.58	0.451251623
3038	0	3.58	0.451251623
3039	0	3.58	0.451251623
3040	0	3.58	0.451251623
3041	0	3.58	0.451251623
3042	0	3.58	0.451251623
3043	0	3.58	0.451251623
3044	0	3.58	0.451251623
3045	0	3.58	0.451251623
3046	0	3.58	0.451251623
3047	0	3.58	0.451251623
3048	0	3.58	0.451251623
3049	0	3.58	0.451251623
3050	0	3.58	0.451251623
3051	0	3.58	0.451251623
3052	0	3.58	0.451251623
3053	0	3.58	0.451251623
3054	0	3.58	0.451251623
3055	0	3.58	0.451251623
3056	0	3.58	0.451251623
3057	0	3.58	0.451251623
3058	0	3.58	0.451251623
3059	0	3.58	0.451251623
3060	0	3.58	0.451251623
3061	0	3.58	0.451251623
3062	0	3.58	0.451251623
3063	0	3.58	0.451251623
3064	0	3.58	0.451251623
3065	0	3.58	0.451251623
3066	0	3.58	0.451251623
3067	0	3.58	0.451251623
3068	0	3.58	0.451251623
3069	0	3.58	0.451251623
3070	0	3.58	0.451251623
3071	0	3.58	0.451251623
3072	0	3.579	0.451251623
3073	0	3.58	0.451251623
3074	0	3.58	0.451251623
3075	0	3.58	0.451251623
3076	0	3.58	0.451251623
3077	0	3.58	0.451251623
3078	0	3.58	0.451251623
3079	0	3.58	0.451251623
3080	0	3.58	0.451251623
3081	0	3.58	0.451251623
3082	0	3.58	0.451251623
3083	0	3.58	0.451251623
3084	0	3.58	0.451251623
3085	0	3.58	0.451251623
3086	0	3.58	0.451251623
3087	0	3.58	0.451251623
3088	0	3.58	0.451251623
3089	0	3.58	0.451251623
3090	0	3.58	0.451251623
3091	0	3.58	0.451251623
3092	0	3.581	0.451251623
3093	0	3.58	0.451251623
3094	0	3.58	0.451251623
3095	0	3.58	0.451251623
3096	0	3.58	0.451251623
3097	0	3.58	0.451251623
3098	0	3.58	0.451251623
3099	0	3.58	0.451251623
3100	0	3.58	0.451251623
3101	0	3.58	0.451251623
3102	0	3.58	0.451251623
3103	0	3.58	0.451251623
3104	0	3.58	0.451251623
3105	0	3.58	0.451251623
3106	0	3.58	0.451251623
3107	0	3.58	0.451251623
3108	0	3.58	0.451251623
3109	0	3.58	0.451251623
3110	0	3.58	0.451251623
3111	0	3.58	0.451251623
3112	0	3.58	0.451251623
3113	0	3.58	0.451251623
3114	0	3.58	0.451251623
3115	0	3.58	0.451251623
3116	0	3.581	0.451251623
3117	0	3.581	0.451251623
3118	0	3.58	0.451251623
3119	0	3.58	0.451251623
3120	0	3.58	0.451251623
3121	0	3.58	0.451251623
3122	0	3.58	0.451251623
3123	0	3.58	0.451251623
3124	0	3.58	0.451251623
3125	0	3.58	0.451251623
3126	0	3.58	0.451251623
3127	0	3.58	0.451251623
3128	0	3.58	0.451251623
3129	0	3.58	0.451251623
3130	0	3.58	0.451251623
3131	0	3.58	0.451251623
3132	0	3.58	0.451251623
3133	0	3.58	0.451251623
3134	0	3.58	0.451251623
3135	0	3.58	0.451251623
3136	0	3.58	0.451251623
3137	0	3.58	0.451251623
3138	0	3.58	0.451251623
3139	0	3.58	0.451251623
3140	0	3.58	0.451251623
3141	0	3.58	0.451251623
3142	0	3.58	0.451251623
3143	0	3.58	0.451251623
3144	0	3.58	0.451251623
3145	0	3.58	0.451251623
3146	0	3.58	0.451251623
3147	0	3.581	0.451251623
3148	0	3.581	0.451251623
3149	0	3.58	0.451251623
3150	0	3.58	0.451251623
3151	0	3.58	0.451251623
3152	0	3.58	0.451251623
3153	0	3.58	0.451251623
3154	0	3.58	0.451251623
3155	0	3.581	0.451251623
3156	0	3.581	0.451251623
3157	0	3.58	0.451251623
3158	0	3.58	0.451251623
3159	0	3.581	0.451251623
3160	0	3.581	0.451251623
3161	0	3.581	0.451251623
3162	0	3.581	0.451251623
3163	0	3.581	0.451251623
3164	0	3.58	0.451251623
3165	0	3.58	0.451251623
3166	0	3.58	0.451251623
3167	0	3.581	0.451251623
3168	0	3.581	0.451251623
3169	0	3.581	0.451251623
3170	0	3.58	0.451251623
3171	0	3.58	0.451251623
3172	0	3.58	0.451251623
3173	0	3.58	0.451251623
3174	0	3.58	0.451251623
3175	0	3.58	0.451251623
3176	0	3.58	0.451251623
3177	0	3.58	0.451251623
3178	0	3.58	0.451251623
3179	0	3.58	0.451251623
3180	0	3.58	0.451251623
3181	0	3.58	0.451251623
3182	0	3.581	0.451251623
3183	0	3.581	0.451251623
3184	0	3.581	0.451251623
3185	0	3.58	0.451251623
3186	0	3.58	0.451251623
3187	0	3.581	0.451251623
3188	0	3.58	0.451251623
3189	0	3.58	0.451251623
3190	0	3.58	0.451251623
3191	0	3.58	0.451251623
3192	0	3.581	0.451251623
3193	0	3.58	0.451251623
3194	0	3.581	0.451251623
3195	0	3.581	0.451251623
3196	0	3.581	0.451251623
3197	0	3.581	0.451251623
3198	0	3.581	0.451251623
3199	0	3.58	0.451251623
3200	0	3.581	0.451251623
3201	0	3.581	0.451251623
3202	0	3.581	0.451251623
3203	0	3.581	0.451251623
3204	0	3.581	0.451251623
3205	0	3.581	0.451251623
3206	0	3.581	0.451251623
3207	0	3.581	0.451251623
3208	0	3.581	0.451251623
3209	0	3.581	0.451251623
3210	0	3.581	0.451251623
3211	0	3.581	0.451251623
3212	0	3.581	0.451251623
3213	0	3.581	0.451251623
3214	0	3.581	0.451251623
3215	0	3.581	0.451251623
3216	0	3.581	0.451251623
3217	0	3.581	0.451251623
3218	0	3.581	0.451251623
3219	0	3.581	0.451251623
3220	0	3.581	0.451251623
3221	0	3.581	0.451251623
3222	0	3.58	0.451251623
3223	0	3.58	0.451251623
3224	0	3.581	0.451251623
3225	0	3.581	0.451251623
3226	0	3.581	0.451251623
3227	0	3.581	0.451251623
3228	0	3.581	0.451251623
3229	0	3.581	0.451251623
3230	0	3.581	0.451251623
3231	0	3.581	0.451251623
3232	0	3.581	0.451251623
3233	0	3.581	0.451251623
3234	0	3.581	0.451251623
3235	0	3.581	0.451251623
3236	0	3.581	0.451251623
3237	0	3.581	0.451251623
3238	0	3.581	0.451251623
3239	0	3.581	0.451251623
3240	0	3.581	0.451251623
3241	0	3.581	0.451251623
3242	0	3.581	0.451251623
3243	0	3.581	0.451251623
3244	0	3.581	0.451251623
3245	0	3.581	0.451251623
3246	0	3.581	0.451251623
3247	0	3.58	0.451251623
3248	0	3.58	0.451251623
3249	0	3.581	0.451251623
3250	0	3.58	0.451251623
3251	0	3.581	0.451251623
3252	0	3.581	0.451251623
3253	0	3.581	0.451251623
3254	0	3.581	0.451251623
3255	0	3.581	0.451251623
3256	0	3.581	0.451251623
3257	0	3.581	0.451251623
3258	0	3.581	0.451251623
3259	0	3.581	0.451251623
3260	0	3.581	0.451251623
3261	0	3.581	0.451251623
3262	0	3.58	0.451251623
3263	0	3.581	0.451251623
3264	0	3.581	0.451251623
3265	0	3.581	0.451251623
3266	0	3.581	0.451251623
3267	0	3.581	0.451251623
3268	0	3.581	0.451251623
3269	0	3.581	0.451251623
3270	0	3.581	0.451251623
3271	0	3.581	0.451251623
3272	0	3.581	0.451251623
3273	0	3.581	0.451251623
3274	0	3.581	0.451251623
3275	0	3.581	0.451251623
3276	0	3.581	0.451251623
3277	0	3.581	0.451251623
3278	0	3.581	0.451251623
3279	0	3.581	0.451251623
3280	0	3.581	0.451251623
3281	0	3.581	0.451251623
3282	0	3.581	0.451251623
3283	0	3.581	0.451251623
3284	0	3.581	0.451251623
3285	0	3.581	0.451251623
3286	0	3.581	0.451251623
3287	0	3.581	0.451251623
3288	0	3.581	0.451251623
3289	0	3.581	0.451251623
3290	0	3.581	0.451251623
3291	0	3.581	0.451251623
3292	0	3.581	0.451251623
3293	0	3.581	0.451251623
3294	0	3.581	0.451251623
3295	0	3.581	0.451251623
3296	0	3.581	0.451251623
3297	0	3.581	0.451251623
3298	0	3.581	0.451251623
3299	0	3.581	0.451251623
3300	0	3.581	0.451251623
3301	0	3.581	0.451251623
3302	0	3.581	0.451251623
3303	0	3.581	0.451251623
3304	0	3.581	0.451251623
3305	0	3.581	0.451251623
3306	0	3.581	0.451251623
3307	0	3.581	0.451251623
3308	0	3.581	0.451251623
3309	0	3.581	0.451251623
3310	0	3.581	0.451251623
3311	0	3.581	0.451251623
3312	0	3.581	0.451251623
3313	0	3.581	0.451251623
3314	0	3.581	0.451251623
3315	0	3.581	0.451251623
3316	0	3.581	0.451251623
3317	0	3.581	0.451251623
3318	0	3.581	0.451251623
3319	0	3.581	0.451251623
3320	0	3.581	0.451251623
3321	0	3.581	0.451251623
3322	0	3.581	0.451251623
3323	0	3.581	0.451251623
3324	0	3.581	0.451251623
3325	0	3.581	0.451251623
3326	0	3.581	0.451251623
3327	0	3.581	0.451251623
3328	0	3.581	0.451251623
3329	0	3.581	0.451251623
3330	0	3.581	0.451251623
3331	0	3.581	0.451251623
3332	0	3.581	0.451251623
3333	0	3.581	0.451251623
3334	0	3.581	0.451251623
3335	0	3.581	0.451251623
3336	0	3.581	0.451251623
3337	0	3.581	0.451251623
3338	0	3.581	0.451251623
3339	0	3.581	0.451251623
3340	0	3.581	0.451251623
3341	0	3.581	0.451251623
3342	0	3.581	0.451251623
3343	0	3.581	0.451251623
3344	0	3.581	0.451251623
3345	0	3.581	0.451251623
3346	0	3.581	0.451251623
3347	0	3.581	0.451251623
3348	0	3.581	0.451251623
3349	0	3.581	0.451251623
3350	0	3.581	0.451251623
3351	0	3.581	0.451251623
3352	0	3.581	0.451251623
3353	0	3.581	0.451251623
3354	0	3.581	0.451251623
3355	0	3.581	0.451251623
3356	0	3.581	0.451251623
3357	0	3.581	0.451251623
3358	0	3.581	0.451251623
3359	0	3.581	0.451251623
3360	0	3.581	0.451251623
3361	0	3.581	0.451251623
3362	0	3.581	0.451251623
3363	0	3.581	0.451251623
3364	0	3.581	0.451251623
3365	0	3.581	0.451251623
3366	0	3.581	0.451251623
3367	0	3.581	0.451251623
3368	0	3.581	0.451251623
3369	0	3.581	0.451251623
3370	0	3.581	0.451251623
3371	0	3.581	0.451251623
3372	0	3.581	0.451251623
3373	0	3.581	0.451251623
3374	0	3.581	0.451251623
3375	0	3.581	0.451251623
3376	0	3.581	0.451251623
3377	0	3.581	0.451251623
3378	0	3.581	0.451251623
3379	0	3.581	0.451251623
3380	0	3.581	0.451251623
3381	0	3.581	0.451251623
3382	0	3.581	0.451251623
3383	0	3.581	0.451251623
3384	0	3.581	0.451251623
3385	0	3.581	0.451251623
3386	0	3.581	0.451251623
3387	0	3.581	0.451251623
3388	0	3.581	0.451251623
3389	0	3.581	0.451251623
3390	0	3.581	0.451251623
3391	0	3.581	0.451251623
3392	0	3.581	0.451251623
3393	0	3.581	0.451251623
3394	0	3.581	0.451251623
3395	0	3.581	0.451251623
3396	0	3.581	0.451251623
3397	0	3.581	0.451251623
3398	0	3.581	0.451251623
3399	0	3.581	0.451251623
3400	0	3.581	0.451251623
3401	0	3.581	0.451251623
3402	0	3.581	0.451251623
3403	0	3.581	0.451251623
3404	0	3.581	0.451251623
3405	0	3.581	0.451251623
3406	0	3.581	0.451251623
3407	0	3.581	0.451251623
3408	0	3.581	0.451251623
3409	0	3.581	0.451251623
3410	0	3.581	0.451251623
3411	0	3.581	0.451251623
3412	0	3.581	0.451251623
3413	0	3.581	0.451251623
3414	0	3.581	0.451251623
3415	0	3.581	0.451251623
3416	0	3.581	0.451251623
3417	0	3.581	0.451251623
3418	0	3.581	0.451251623
3419	0	3.581	0.451251623
3420	0	3.581	0.451251623
3421	0	3.581	0.451251623
3422	0	3.581	0.451251623
3423	0	3.581	0.451251623
3424	0	3.581	0.451251623
3425	0	3.581	0.451251623
3426	0	3.581	0.451251623
3427	0	3.581	0.451251623
3428	0	3.581	0.451251623
3429	0	3.581	0.451251623
3430	0	3.581	0.451251623
3431	0	3.581	0.451251623
3432	0	3.581	0.451251623
3433	0	3.581	0.451251623
3434	0	3.581	0.451251623
3435	0	3.581	0.451251623
3436	0	3.581	0.451251623
3437	0	3.581	0.451251623
3438	0	3.581	0.451251623
3439	0	3.581	0.451251623
3440	0	3.581	0.451251623
3441	0	3.581	0.451251623
3442	0	3.581	0.451251623
3443	0	3.581	0.451251623
3444	0	3.581	0.451251623
3445	0	3.581	0.451251623
3446	0	3.581	0.451251623
3447	0	3.581	0.451251623
3448	0	3.581	0.451251623
3449	0	3.581	0.451251623
3450	0	3.581	0.451251623
3451	0	3.581	0.451251623
3452	0	3.581	0.451251623
3453	0	3.581	0.451251623
3454	0	3.581	0.451251623
3455	0	3.581	0.451251623
3456	0	3.581	0.451251623
3457	0	3.581	0.451251623
3458	0	3.581	0.451251623
3459	0	3.581	0.451251623
3460	0	3.581	0.451251623
3461	0	3.581	0.451251623
3462	0	3.581	0.451251623
3463	0	3.581	0.451251623
3464	0	3.581	0.451251623
3465	0	3.581	0.451251623
3466	0	3.581	0.451251623
3467	0	3.581	0.451251623
3468	0	3.581	0.451251623
3469	0	3.581	0.451251623
3470	0	3.581	0.451251623
3471	0	3.581	0.451251623
3472	0	3.581	0.451251623
3473	0	3.581	0.451251623
3474	0	3.581	0.451251623
3475	0	3.581	0.451251623
3476	0	3.581	0.451251623
3477	0	3.581	0.451251623
3478	0	3.581	0.451251623
3479	0	3.581	0.451251623
3480	0	3.581	0.451251623
3481	0	3.581	0.451251623
3482	0	3.581	0.451251623
3483	0	3.581	0.451251623
3484	0	3.581	0.451251623
3485	0	3.581	0.451251623
3486	0	3.581	0.451251623
3487	0	3.581	0.451251623
3488	0	3.581	0.451251623
3489	0	3.581	0.451251623
3490	0	3.581	0.451251623
3491	0	3.581	0.451251623
3492	0	3.581	0.451251623
3493	0	3.581	0.451251623
3494	0	3.581	0.451251623
3495	0	3.581	0.451251623
3496	0	3.581	0.451251623
3497	0	3.581	0.451251623
3498	0	3.581	0.451251623
3499	0	3.581	0.451251623
3500	0	3.581	0.451251623
3501	0	3.581	0.451251623
3502	0	3.581	0.451251623
3503	0	3.581	0.451251623
3504	0	3.581	0.451251623
3505	0	3.581	0.451251623
3506	0	3.581	0.451251623
3507	0	3.581	0.451251623
3508	0	3.581	0.451251623
3509	0	3.581	0.451251623
3510	0	3.581	0.451251623
3511	0	3.581	0.451251623
3512	0	3.581	0.451251623
3513	0	3.581	0.451251623
3514	0	3.581	0.451251623
3515	0	3.581	0.451251623
3516	0	3.581	0.451251623
3517	0	3.581	0.451251623
3518	0	3.581	0.451251623
3519	0	3.581	0.451251623
3520	0	3.581	0.451251623
3521	0	3.581	0.451251623
3522	0	3.581	0.451251623
3523	0	3.581	0.451251623
3524	0	3.581	0.451251623
3525	0	3.581	0.451251623
3526	0	3.581	0.451251623
3527	0	3.581	0.451251623
3528	0	3.581	0.451251623
3529	0	3.581	0.451251623
3530	0	3.581	0.451251623
3531	0	3.581	0.451251623
3532	0	3.581	0.451251623
3533	0	3.581	0.451251623
3534	0	3.581	0.451251623
3535	0	3.581	0.451251623
3536	0	3.581	0.451251623
3537	0	3.581	0.451251623
3538	0	3.581	0.451251623
3539	0	3.581	0.451251623
3540	0	3.581	0.451251623
3541	0	3.581	0.451251623
3542	0	3.581	0.451251623
3543	0	3.581	0.451251623
3544	0	3.581	0.451251623