0	0.882401333953	
6	0.882083940085	
57	0.879388581726	
101	0.877066532569	
155	0.874221455372	
209	0.871380591247	
266	0.868387132783	
314	0.865870597143	
369	0.862991000816	
423	0.860169170038	
478	0.857300123043	
535	0.854331417265	
591	0.851419715439	
639	0.848927164338	
694	0.846075529228	
749	0.843230622912	
806	0.840285756997	
862	0.837394908158	
920	0.834410331158	
977	0.831480180149	
1033	0.828605454214	
1090	0.825686438338	
1146	0.822821446637	
1200	0.820063807748	
1257	0.817159048183	
1313	0.814308383219	
1370	0.811409921698	
1427	0.808517031564	
1483	0.805683158289	
1541	0.802749180193	
1597	0.799921752367	
1655	0.796996727253	
1712	0.794130072598	
1771	0.79116729744	
1826	0.788406715898	
1882	0.785599082468	
1939	0.782750868261	
1995	0.779956742103	
2051	0.777165084718	
2099	0.774776704105	
2155	0.771991232298	
2194	0.770057772851	
2245	0.767527215658	
2292	0.765199859897	
2347	0.762479689889	
2402	0.759766466509	
2460	0.75690732845	
2513	0.7542968894	
2572	0.751401598192	
2626	0.748751570894	
2684	0.745913967164	
2739	0.743224759988	
2795	0.740496732713	
2852	0.737716456682	
2907	0.735038932224	
2965	0.732220186045	
3020	0.729553074432	
3079	0.726691357866	
3134	0.72403140034	
3191	0.721279944846	
3247	0.718580001625	
3305	0.715783633263	
3359	0.713191488893	
3417	0.710405916631	
3471	0.707818568951	
3528	0.705090288356	
3583	0.702466926742	
3640	0.699747529795	
3694	0.697172951266	
3747	0.694656520995	
3797	0.692273557267	
3843	0.69010446878	
3900	0.687392817182	
3955	0.68479168325	
4013	0.68205148518	
4068	0.679454399991	
4125	0.676781902612	
4180	0.67419320808	
4238	0.671470783857	
4293	0.668899771453	
4352	0.666138999921	
4405	0.663671228258	
4461	0.661058597777	
4516	0.658499765994	
4572	0.655898032066	
4626	0.653384431438	
4678	0.650978655319	
4735	0.648344964937	
4790	0.64580669406	
4847	0.643176501559	
4900	0.640742583517	
4958	0.638063488915	
5012	0.635574672091	
5069	0.632966838299	
5122	0.630557363391	
5180	0.627909173751	
5232	0.625537235421	
5290	0.622897676109	
5344	0.620432483499	
5402	0.617801601467	
5450	0.615637925498	
5507	0.613061386473	
5560	0.610654391256	
5616	0.608128928293	
5672	0.605598394575	
5728	0.6030906596	
5785	0.600535445807	
5839	0.598124329782	
5897	0.595532347558	
5952	0.593074499572	
6010	0.590491360595	
6066	0.58800653246	
6124	0.585425715941	
6178	0.583019544558	
6236	0.580447219697	
6290	0.578072859547	
6348	0.575516179341	
6402	0.573146790583	
6460	0.570598977647	
6515	0.568196849545	
6571	0.565743621362	
6626	0.563317442662	
6681	0.560913224677	
6738	0.558431578319	
6793	0.556046726707	
6850	0.553577549231	
6903	0.5512971722	
6962	0.548740885622	
7015	0.546453578341	
7073	0.543953989985	
7127	0.541619078865	
7178	0.539431283508	
7233	0.537087659621	
7288	0.534744380774	
7343	0.532381312443	
7400	0.529955164317	
7455	0.527616464325	
7511	0.525242556765	
7566	0.522903980704	
7622	0.520542756036	
7680	0.518086868544	
7733	0.515851358521	
7791	0.513408365203	
7845	0.511159220156	
7903	0.508725189103	
7958	0.506428759049	
8015	0.504050871536	
8069	0.501805747388	
8126	0.499436610858	
8181	0.497152734307	
8238	0.494792388068	
8292	0.492563978083	
8348	0.490259357189	
8402	0.488034660735	
8458	0.485734026345	
8514	0.483419140557	
8569	0.481164533311	
8627	0.478792549668	
8681	0.476597949082	
8738	0.474276893003	
8793	0.472034451092	
8843	0.470009944627	
8899	0.467723908311	
8957	0.465378185805	
9011	0.463193643199	
9068	0.460888447423	
9121	0.458758450917	
9179	0.456425335962	
9233	0.454262091291	
9290	0.451973999484	
9346	0.449716148768	
9402	0.447467466684	
9459	0.445192150581	
9512	0.443085152087	
9569	0.440818271956	
9623	0.438667807355	
9681	0.436342155494	
9734	0.434261510403	
9791	0.432000794558	
9845	0.429844580044	
9901	0.427627119571	
9956	0.425470461749	
10014	0.423174846794	
10068	0.421011796479	
10126	0.418746317793	
10180	0.416629430564	
10236	0.414419291238	
10292	0.412224241885	
10349	0.409998818776	
10404	0.407806306438	
10459	0.405674257717	
10517	0.403409538989	
10571	0.401279093169	
10622	0.399294254114	
10676	0.397176294645	
10733	0.394960657634	
10786	0.392883415976	
10843	0.390669437006	
10897	0.388553682071	
10954	0.386335263461	
11007	0.384277616382	
11065	0.382009229437	
11120	0.379874080284	
11177	0.377645992955	
11231	0.375550708844	
11286	0.373425950699	
11344	0.371163283639	
11399	0.3690144405	
11452	0.366965050323	
11494	0.365325701747	
11547	0.363269224087	
11601	0.361189826484	
11656	0.359043319453	
11705	0.357137158442	
11758	0.355079735202	
11810	0.353057130817	
11868	0.350787916762	
11921	0.348732746099	
11976	0.346597468649	
12029	0.344528350135	
12081	0.342513178817	
12136	0.340373311591	
12189	0.3383256002	
12248	0.336033064386	
12302	0.333926421305	
12358	0.33174680587	
12413	0.329614597187	
12469	0.327447511233	
12524	0.325286816134	
12581	0.323087801568	
12634	0.321035070195	
12684	0.319111187203	
12736	0.317107832905	
12795	0.314824388199	
12850	0.31272136802	
12907	0.310518523637	
12962	0.308414184451	
13018	0.306254196899	
13074	0.304104098629	
13127	0.302075102297	
13186	0.299812340243	
13241	0.297729295169	
13299	0.295516742758	
13354	0.2934395415	
13412	0.291254956857	
13467	0.289168984962	
13525	0.286990618108	
13580	0.284932638548	
13639	0.282716616098	
13693	0.280723581835	
13752	0.278521499048	
13808	0.276454417462	
13865	0.274369368763	
13920	0.272360191396	
13976	0.270287510578	
14033	0.268212423227	
14087	0.266271971291	
14145	0.264175377454	
14196	0.262333868021	
14254	0.260282963932	
14309	0.258312136605	
14367	0.256260918597	
14422	0.2543363357	
14480	0.252348049537	
14535	0.250383399598	
14593	0.248419105616	
14648	0.246525486644	
14705	0.244605034927	
14761	0.242724153987	
14817	0.240839341684	
14871	0.239069507433	
14921	0.237427814561	
14968	0.235902845134	
15022	0.234193767129	
15077	0.232413136233	
15132	0.230661613041	
15189	0.228919751471	
15242	0.227296898681	
15298	0.225566510185	
15354	0.223899751799	
15411	0.222212361535	
15466	0.220607708429	
15524	0.218922551633	
15577	0.217431273134	
15634	0.21583445	
15688	0.214362908027	
15747	0.212787600659	
15802	0.211328780887	
15859	0.209860528245	
15913	0.208482725899	
15970	0.207062704935	
16026	0.205683255468	
16081	0.204405556306	
16139	0.203052769794	
16194	0.201780867496	
16252	0.200523248261	
16307	0.199355189976	
16363	0.198197668466	
16416	0.197110767916	
16473	0.19599036042	
16528	0.194907710613	
16586	0.19391680718	
16642	0.192891495991	
16700	0.191901628765	
16756	0.191004102996	
16813	0.190129950852	
16870	0.189247398768	
16926	0.188498909949	
16982	0.187705066046	
17037	0.187008453647	
17094	0.186324411128	
17150	0.185691946943	
17208	0.185092528921	
17263	0.184579090985	
17321	0.184106913531	
17376	0.183644572947	
17433	0.183198774008	
17486	0.182858232538	
17543	0.18255087099	
17598	0.182249424231	
17655	0.18206358664	
17711	0.181863057617	
17767	0.18179170618	
17824	0.181655631647	
17878	0.181631130642	
17936	0.181600076092	
17990	0.181690205372	
18040	0.181761724414	
18095	0.181907656018	
18153	0.182140003372	
18206	0.182331890601	
18265	0.182685744986	
18320	0.18301917113	
18378	0.18343372389	
18432	0.183845359111	
18489	0.184339836312	
18542	0.184920146191	
18596	0.185558955371	
18652	0.186148796392	
18708	0.186877342863	
18765	0.187585738434	
18818	0.188386902393	
18877	0.189240878525	
18929	0.190101020033	
18930	0.190198798576	