SOCPercentage=[0,1.4,3,4.6,6.2,7.8,9.4,11,12.5,14.1,15.7,17.3\
              ,18.9,20.5,22.1,23.7,25.3,26.9,28.4,30,31.6,33.2\
              ,34.8,36.4,38,39.6,41.2,42.8,44.3,45.9,47.5,49.1\
              ,50.7,52.3,53.9,55.5,57.1,58.7,60.2,61.8,63.4,65\
              ,66.6,68.2,69.8,71.4,73,74.6,76.1,77.7,79.3,80.9\
              ,82.5,84.1,85.7,87.3,88.9,90.5,92,93.6,95.2,96.8\
              ,98.4,100]
    
chargeSOC=[0,0.014,0.03,0.046,0.062,0.078,0.094,0.11\
          ,0.125,0.141,0.157,0.173,0.189,0.205,0.221,0.237\
          ,0.253,0.269,0.284,0.3,0.316,0.332,0.348,0.364\
          ,0.38,0.396,0.412,0.428,0.443,0.459,0.475,0.491\
          ,0.507,0.523,0.539,0.555,0.571,0.587,0.602,0.618\
          ,0.634,0.65,0.666,0.682,0.698,0.714,0.73,0.746,0.761\
          ,0.777,0.793,0.809,0.825,0.841,0.857,0.873,0.889\
          ,0.905,0.92,0.936,0.952,0.968,0.984,1]
          
chargeVoltage=np.array([3.023, 3.398, 3.490, 3.557, 3.618, 3.656, 3.721, 3.846, 3.943, 4.057, 4.184])
chargeQuantity=np.array([74.2, 583, 1086.5, 1590.0, 2183.6, 2687.1, 3190.6, 3784.2, 4287.7, 4796.5, 5300.0])
chargeSOC=np.array([0.014,0.11,0.205,0.30,0.412,0.507,0.602,0.714,0.809,0.905,1.0])

 chargeQuantity=[74.2,159,243.8,328.6,413.4,498.2,583,662.5,747.3,832.1\
                ,916.9,1001.7,1086.5,1171.3,1256.1,1340.9,1425.7,1505.2\
                ,1590,1674.8,1759.6,1844.4,1929.2,2014,2098.8,2183.6,2268.4\
                ,2347.9,2432.7,2517.5,2602.3,2687.1,2771.9,2856.7,2941.5\
                ,3026.3,3111.1,3190.6,3275.4,3360.2,3445,3529.8,3614.6\
                ,3699.4,3784.2,3869,3953.8,4033.3,4118.1,4202.9,4287.7\
                ,4372.5,4457.3,4542.1,4626.9,4711.7,4796.5,4876,4960.8\
                ,5045.6,5130.4,5215.2,5300]
               
 chargeVoltage=np.array([3.023,3.159,3.25,3.318,3.362,3.383,3.398,3.412,3.429,3.446\
               ,3.462,3.477,3.49,3.503,3.513,3.524,3.535,3.545,3.557,3.569\
               ,3.584,3.594,3.601,3.607,3.612,3.618,3.624,3.629,3.635,3.642\
               ,3.648,3.656,3.664,3.672,3.682,3.693,3.706,3.721,3.74,3.761\
               ,3.78,3.797,3.813,3.829,3.846,3.861,3.877,3.893,3.909,3.926\
               ,3.943,3.96,3.978,3.997,4.017,4.037,4.057,4.077,4.096,4.115\
               ,4.135,4.158,4.184])
              
 chargeSOC=np.array([0.014,0.03,0.046,0.062,0.078,0.094,0.11\
           ,0.125,0.141,0.157,0.173,0.189,0.205,0.221,0.237\
           ,0.253,0.269,0.284,0.3,0.316,0.332,0.348,0.364\
           ,0.38,0.396,0.412,0.428,0.443,0.459,0.475,0.491\
           ,0.507,0.523,0.539,0.555,0.571,0.587,0.602,0.618\
           ,0.634,0.65,0.666,0.682,0.698,0.714,0.73,0.746,0.761\
           ,0.777,0.793,0.809,0.825,0.841,0.857,0.873,0.889\
           ,0.905,0.92,0.936,0.952,0.968,0.984,1])          
