chargeQuantity=[0,74.2,159,243.8,328.6,413.4,498.2,583,662.5,747.3,832.1\
               ,916.9,1001.7,1086.5,1171.3,1256.1,1340.9,1425.7,1505.2\
               ,1590,1674.8,1759.6,1844.4,1929.2,2014,2098.8,2183.6,2268.4\
               ,2347.9,2432.7,2517.5,2602.3,2687.1,2771.9,2856.7,2941.5\
               ,3026.3,3111.1,3190.6,3275.4,3360.2,3445,3529.8,3614.6\
               ,3699.4,3784.2,3869,3953.8,4033.3,4118.1,4202.9,4287.7\
               ,4372.5,4457.3,4542.1,4626.9,4711.7,4796.5,4876,4960.8\
               ,5045.6,5130.4,5215.2,5300]
chargeVoltage=[2.75,3.023,3.159,3.25,3.318,3.362,3.383,3.398,3.412,3.429,3.446\
              ,3.462,3.477,3.49,3.503,3.513,3.524,3.535,3.545,3.557,3.569\
              ,3.584,3.594,3.601,3.607,3.612,3.618,3.624,3.629,3.635,3.642\
              ,3.648,3.656,3.664,3.672,3.682,3.693,3.706,3.721,3.74,3.761\
              ,3.78,3.797,3.813,3.829,3.846,3.861,3.877,3.893,3.909,3.926\
              ,3.943,3.96,3.978,3.997,4.017,4.037,4.057,4.077,4.096,4.115\
              ,4.135,4.158,4.184]