0	0	3.623	0.451251623
1	0	3.623	0.451251623
2	0	3.623	0.451251623
3	0	3.623	0.451251623
4	0	3.622	0.451251623
5	0	3.623	0.451251623
6	0	3.623	0.451251623
7	0	3.622	0.451251623
8	0	3.623	0.451251623
9	0	3.622	0.451251623
10	0	3.622	0.451251623
11	0	3.623	0.451251623
12	0	3.623	0.451251623
13	0	3.623	0.451251623
14	0	3.623	0.451251623
15	0	3.623	0.451251623
16	0	3.623	0.451251623
17	0	3.622	0.451251623
18	0	3.622	0.451251623
19	0	3.622	0.451251623
20	0	3.622	0.451251623
21	0	3.623	0.451251623
22	0	3.622	0.451251623
23	0	3.622	0.451251623
24	0	3.622	0.451251623
25	0	3.623	0.451251623
26	0	3.623	0.451251623
27	0	3.623	0.451251623
28	0	3.623	0.451251623
29	0	3.623	0.451251623
30	0	3.623	0.451251623
31	0	3.623	0.451251623
32	0	3.623	0.451251623
33	0	3.623	0.451251623
34	0	3.623	0.451251623
35	0	3.622	0.451251623
36	0	3.622	0.451251623
37	0	3.622	0.451251623
38	0	3.623	0.451251623
39	0	3.623	0.451251623
40	0	3.622	0.451251623
41	0	3.622	0.451251623
42	0	3.623	0.451251623
43	0	3.623	0.451251623
44	0	3.623	0.451251623
45	0	3.623	0.451251623
46	0	3.622	0.451251623
47	0	3.623	0.451251623
48	0	3.623	0.451251623
49	0	3.623	0.451251623
50	0	3.623	0.451251623
51	0	3.623	0.451251623
52	0	3.623	0.451251623
53	0	3.623	0.451251623
54	0	3.623	0.451251623
55	0	3.622	0.451251623
56	0	3.622	0.451251623
57	0	3.623	0.451251623
58	0	3.623	0.451251623
59	0	3.623	0.451251623
60	0	3.623	0.451251623
61	0	3.623	0.451251623
62	0	3.623	0.451251623
63	0	3.623	0.451251623
64	0	3.623	0.451251623
65	0	3.623	0.451251623
66	0	3.623	0.451251623
67	0	3.622	0.451251623
68	0	3.623	0.451251623
69	0	3.623	0.451251623
70	0	3.623	0.451251623
71	0	3.623	0.451251623
72	0	3.622	0.451251623
73	0	3.622	0.451251623
74	0	3.622	0.451251623
75	0	3.623	0.451251623
76	0	3.623	0.451251623
77	0	3.623	0.451251623
78	0	3.623	0.451251623
79	0	3.622	0.451251623
80	0	3.623	0.451251623
81	0	3.622	0.451251623
82	0	3.622	0.451251623
83	0	3.623	0.451251623
84	0	3.622	0.451251623
85	0	3.623	0.451251623
86	0	3.623	0.451251623
87	0	3.623	0.451251623
88	0	3.623	0.451251623
89	0	3.623	0.451251623
90	0	3.623	0.451251623
91	0	3.623	0.451251623
92	0	3.623	0.451251623
93	0	3.622	0.451251623
94	0	3.623	0.451251623
95	0	3.622	0.451251623
96	0	3.622	0.451251623
97	0	3.623	0.451251623
98	0	3.623	0.451251623
99	0	3.623	0.451251623
100	0	3.623	0.451251623
101	0	3.623	0.451251623
102	0	3.622	0.451251623
103	0	3.622	0.451251623
104	0	3.622	0.451251623
105	0	3.622	0.451251623
106	0	3.622	0.451251623
107	0	3.622	0.451251623
108	0	3.622	0.451251623
109	0	3.622	0.451251623
110	0	3.622	0.451251623
111	0	3.622	0.451251623
112	0	3.622	0.451251623
113	0	3.623	0.451251623
114	0	3.622	0.451251623
115	0	3.623	0.451251623
116	0	3.623	0.451251623
117	0	3.623	0.451251623
118	0	3.622	0.451251623
119	0	3.623	0.451251623
120	0	3.623	0.451251623
121	0	3.623	0.451251623
122	0	3.623	0.451251623
123	0	3.623	0.451251623
124	0	3.623	0.451251623
125	0	3.623	0.451251623
126	0	3.623	0.451251623
127	0	3.623	0.451251623
128	0	3.623	0.451251623
129	0	3.623	0.451251623
130	0	3.623	0.451251623
131	0	3.623	0.451251623
132	0	3.622	0.451251623
133	0	3.622	0.451251623
134	0	3.622	0.451251623
135	0	3.622	0.451251623
136	0	3.623	0.451251623
137	0	3.622	0.451251623
138	0	3.622	0.451251623
139	0	3.622	0.451251623
140	0	3.623	0.451251623
141	0	3.622	0.451251623
142	0	3.623	0.451251623
143	0	3.622	0.451251623
144	0	3.622	0.451251623
145	0	3.623	0.451251623
146	0	3.622	0.451251623
147	0	3.622	0.451251623
148	0	3.622	0.451251623
149	0	3.622	0.451251623
150	0	3.623	0.451251623
151	0	3.622	0.451251623
152	0	3.622	0.451251623
153	0	3.622	0.451251623
154	0	3.622	0.451251623
155	0	3.622	0.451251623
156	0	3.622	0.451251623
157	0	3.622	0.451251623
158	0	3.622	0.451251623
159	0	3.622	0.451251623
160	0	3.623	0.451251623
161	0	3.623	0.451251623
162	0	3.622	0.451251623
163	0	3.623	0.451251623
164	0	3.622	0.451251623
165	0	3.622	0.451251623
166	0	3.622	0.451251623
167	0	3.622	0.451251623
168	0	3.622	0.451251623
169	0	3.623	0.451251623
170	0	3.623	0.451251623
171	0	3.622	0.451251623
172	0	3.622	0.451251623
173	0	3.622	0.451251623
174	0	3.622	0.451251623
175	0	3.622	0.451251623
176	0	3.623	0.451251623
177	0	3.622	0.451251623
178	0	3.622	0.451251623
179	0	3.622	0.451251623
180	0	3.622	0.451251623
181	0	3.623	0.451251623
182	0	3.623	0.451251623
183	0	3.623	0.451251623
184	0	3.623	0.451251623
185	0	3.622	0.451251623
186	0	3.622	0.451251623
187	0	3.622	0.451251623
188	0	3.622	0.451251623
189	0	3.622	0.451251623
190	0	3.622	0.451251623
191	0	3.623	0.451251623
192	0	3.623	0.451251623
193	0	3.622	0.451251623
194	0	3.622	0.451251623
195	0	3.623	0.451251623
196	0	3.623	0.451251623
197	0	3.622	0.451251623
198	0	3.623	0.451251623
199	0	3.623	0.451251623
200	0	3.623	0.451251623
201	0	3.622	0.451251623
202	0	3.622	0.451251623
203	0	3.622	0.451251623
204	0	3.623	0.451251623
205	0	3.623	0.451251623
206	0	3.623	0.451251623
207	0	3.623	0.451251623
208	0	3.623	0.451251623
209	0	3.623	0.451251623
210	0	3.622	0.451251623
211	0	3.622	0.451251623
212	0	3.622	0.451251623
213	0	3.622	0.451251623
214	0	3.622	0.451251623
215	0	3.623	0.451251623
216	0	3.622	0.451251623
217	0	3.622	0.451251623
218	0	3.623	0.451251623
219	0	3.622	0.451251623
220	0	3.622	0.451251623
221	0	3.622	0.451251623
222	0	3.623	0.451251623
223	0	3.622	0.451251623
224	0	3.622	0.451251623
225	0	3.623	0.451251623
226	0	3.622	0.451251623
227	0	3.622	0.451251623
228	0	3.623	0.451251623
229	0	3.623	0.451251623
230	0	3.623	0.451251623
231	0	3.623	0.451251623
232	0	3.623	0.451251623
233	0	3.623	0.451251623
234	0	3.623	0.451251623
235	0	3.623	0.451251623
236	0	3.623	0.451251623
237	0	3.623	0.451251623
238	0	3.623	0.451251623
239	0	3.623	0.451251623
240	0	3.622	0.451251623
241	0	3.622	0.451251623
242	0	3.623	0.451251623
243	0	3.623	0.451251623
244	0	3.623	0.451251623
245	0	3.623	0.451251623
246	0	3.623	0.451251623
247	0	3.622	0.451251623
248	0	3.622	0.451251623
249	0	3.622	0.451251623
250	0	3.623	0.451251623
251	0	3.622	0.451251623
252	0	3.622	0.451251623
253	0	3.622	0.451251623
254	0	3.622	0.451251623
255	0	3.622	0.451251623
256	0	3.623	0.451251623
257	0	3.623	0.451251623
258	0	3.622	0.451251623
259	0	3.622	0.451251623
260	0	3.622	0.451251623
261	0	3.622	0.451251623
262	0	3.622	0.451251623
263	0	3.623	0.451251623
264	0	3.623	0.451251623
265	0	3.623	0.451251623
266	0	3.623	0.451251623
267	0	3.622	0.451251623
268	0	3.622	0.451251623
269	0	3.622	0.451251623
270	0	3.622	0.451251623
271	0	3.623	0.451251623
272	0	3.622	0.451251623
273	0	3.622	0.451251623
274	0	3.623	0.451251623
275	0	3.623	0.451251623
276	0	3.623	0.451251623
277	0	3.623	0.451251623
278	0	3.623	0.451251623
279	0	3.623	0.451251623
280	0	3.623	0.451251623
281	0	3.623	0.451251623
282	0	3.623	0.451251623
283	0	3.623	0.451251623
284	0	3.623	0.451251623
285	0	3.623	0.451251623
286	0	3.623	0.451251623
287	0	3.623	0.451251623
288	0	3.623	0.451251623
289	0	3.623	0.451251623
290	0	3.622	0.451251623
291	0	3.622	0.451251623
292	0	3.622	0.451251623
293	0	3.623	0.451251623
294	0	3.623	0.451251623
295	0	3.623	0.451251623
296	0	3.623	0.451251623
297	0	3.623	0.451251623
298	0	3.623	0.451251623
299	0	3.623	0.451251623
300	0	3.622	0.451251623
301	0	3.623	0.451251623
302	0	3.623	0.451251623
303	0	3.622	0.451251623
304	0	3.623	0.451251623
305	0	3.622	0.451251623
306	0	3.623	0.451251623
307	0	3.623	0.451251623
308	0	3.623	0.451251623
309	0	3.623	0.451251623
310	0	3.623	0.451251623
311	0	3.622	0.451251623
312	0	3.622	0.451251623
313	0	3.623	0.451251623
314	0	3.623	0.451251623
315	0	3.623	0.451251623
316	0	3.622	0.451251623
317	0	3.623	0.451251623
318	0	3.623	0.451251623
319	0	3.623	0.451251623
320	0	3.623	0.451251623
321	0	3.622	0.451251623
322	0	3.622	0.451251623
323	0	3.623	0.451251623
324	0	3.623	0.451251623
325	0	3.623	0.451251623
326	0	3.623	0.451251623
327	0	3.623	0.451251623
328	0	3.622	0.451251623
329	0	3.622	0.451251623
330	0	3.622	0.451251623
331	0	3.623	0.451251623
332	0	3.623	0.451251623
333	0	3.622	0.451251623
334	0	3.622	0.451251623
335	0	3.622	0.451251623
336	0	3.623	0.451251623
337	0	3.622	0.451251623
338	0	3.622	0.451251623
339	0	3.622	0.451251623
340	0	3.623	0.451251623
341	0	3.623	0.451251623
342	0	3.623	0.451251623
343	0	3.623	0.451251623
344	0	3.623	0.451251623
345	0	3.622	0.451251623
346	0	3.622	0.451251623
347	0	3.622	0.451251623
348	0	3.622	0.451251623
349	0	3.622	0.451251623
350	0	3.622	0.451251623
351	0	3.622	0.451251623
352	0	3.622	0.451251623
353	0	3.623	0.451251623
354	0	3.622	0.451251623
355	0	3.622	0.451251623
356	0	3.623	0.451251623
357	0	3.622	0.451251623
358	0	3.622	0.451251623
359	0	3.623	0.451251623
360	0	3.623	0.451251623
361	0	3.623	0.451251623
362	0	3.622	0.451251623
363	0	3.622	0.451251623
364	0	3.623	0.451251623
365	0	3.623	0.451251623
366	0	3.623	0.451251623
367	0	3.623	0.451251623
368	0	3.623	0.451251623
369	0	3.623	0.451251623
370	0	3.623	0.451251623
371	0	3.623	0.451251623
372	0	3.622	0.451251623
373	0	3.622	0.451251623
374	0	3.623	0.451251623
375	0	3.622	0.451251623
376	0	3.622	0.451251623
377	0	3.622	0.451251623
378	0	3.622	0.451251623
379	0	3.622	0.451251623
380	0	3.622	0.451251623
381	0	3.622	0.451251623
382	0	3.623	0.451251623
383	0	3.622	0.451251623
384	0	3.623	0.451251623
385	0	3.623	0.451251623
386	0	3.623	0.451251623
387	0	3.622	0.451251623
388	0	3.623	0.451251623
389	0	3.623	0.451251623
390	0	3.623	0.451251623
391	0	3.623	0.451251623
392	0	3.623	0.451251623
393	0	3.623	0.451251623
394	0	3.623	0.451251623
395	0	3.623	0.451251623
396	0	3.623	0.451251623
397	0	3.622	0.451251623
398	0	3.622	0.451251623
399	0	3.622	0.451251623
400	0	3.622	0.451251623
401	0	3.622	0.451251623
402	0	3.622	0.451251623
403	0	3.622	0.451251623
404	0	3.623	0.451251623
405	0	3.622	0.451251623
406	0	3.622	0.451251623
407	0	3.623	0.451251623
408	0	3.622	0.451251623
409	0	3.623	0.451251623
410	0	3.623	0.451251623
411	0	3.623	0.451251623
412	0	3.622	0.451251623
413	0	3.623	0.451251623
414	0	3.622	0.451251623
415	0	3.622	0.451251623
416	0	3.623	0.451251623
417	0	3.622	0.451251623
418	0	3.622	0.451251623
419	0	3.622	0.451251623
420	0	3.622	0.451251623
421	0	3.622	0.451251623
422	0	3.623	0.451251623
423	0	3.622	0.451251623
424	0	3.622	0.451251623
425	0	3.622	0.451251623
426	0	3.622	0.451251623
427	0	3.622	0.451251623
428	0	3.622	0.451251623
429	0	3.622	0.451251623
430	0	3.623	0.451251623
431	0	3.622	0.451251623
432	0	3.622	0.451251623
433	0	3.622	0.451251623
434	0	3.622	0.451251623
435	0	3.622	0.451251623
436	0	3.622	0.451251623
437	0	3.622	0.451251623
438	0	3.622	0.451251623
439	0	3.622	0.451251623
440	0	3.622	0.451251623
441	0	3.622	0.451251623
442	0	3.622	0.451251623
443	0	3.622	0.451251623
444	0	3.622	0.451251623
445	0	3.622	0.451251623
446	0	3.622	0.451251623
447	0	3.622	0.451251623
448	0	3.622	0.451251623
449	0	3.622	0.451251623
450	0	3.622	0.451251623
451	0	3.622	0.451251623
452	0	3.623	0.451251623
453	0	3.622	0.451251623
454	0	3.622	0.451251623
455	0	3.622	0.451251623
456	0	3.622	0.451251623
457	0	3.622	0.451251623
458	0	3.622	0.451251623
459	0	3.622	0.451251623
460	0	3.623	0.451251623
461	0	3.623	0.451251623
462	0	3.623	0.451251623
463	0	3.622	0.451251623
464	0	3.622	0.451251623
465	0	3.622	0.451251623
466	0	3.622	0.451251623
467	0	3.622	0.451251623
468	0	3.622	0.451251623
469	0	3.622	0.451251623
470	0	3.622	0.451251623
471	0	3.622	0.451251623
472	0	3.622	0.451251623
473	0	3.622	0.451251623
474	0	3.622	0.451251623
475	0	3.622	0.451251623
476	0	3.622	0.451251623
477	0	3.622	0.451251623
478	0	3.622	0.451251623
479	0	3.622	0.451251623
480	0	3.622	0.451251623
481	0	3.622	0.451251623
482	0	3.622	0.451251623
483	0	3.623	0.451251623
484	0	3.623	0.451251623
485	0	3.622	0.451251623
486	0	3.622	0.451251623
487	0	3.622	0.451251623
488	0	3.622	0.451251623
489	0	3.623	0.451251623
490	0	3.622	0.451251623
491	0	3.622	0.451251623
492	0	3.622	0.451251623
493	0	3.622	0.451251623
494	0	3.622	0.451251623
495	0	3.622	0.451251623
496	0	3.623	0.451251623
497	0	3.623	0.451251623
498	0	3.623	0.451251623
499	0	3.623	0.451251623
500	0	3.623	0.451251623
501	0	3.623	0.451251623
502	0	3.623	0.451251623
503	0	3.622	0.451251623
504	0	3.623	0.451251623
505	0	3.623	0.451251623
506	0	3.623	0.451251623
507	0	3.623	0.451251623
508	0	3.622	0.451251623
509	0	3.623	0.451251623
510	0	3.623	0.451251623
511	0	3.623	0.451251623
512	0	3.623	0.451251623
513	0	3.623	0.451251623
514	0	3.623	0.451251623
515	0	3.623	0.451251623
516	0	3.622	0.451251623
517	0	3.623	0.451251623
518	0	3.623	0.451251623
519	0	3.623	0.451251623
520	0	3.622	0.451251623
521	0	3.623	0.451251623
522	0	3.623	0.451251623
523	0	3.622	0.451251623
524	0	3.623	0.451251623
525	0	3.623	0.451251623
526	0	3.623	0.451251623
527	0	3.623	0.451251623
528	0	3.623	0.451251623
529	0	3.622	0.451251623
530	0	3.622	0.451251623
531	0	3.623	0.451251623
532	0	3.623	0.451251623
533	0	3.623	0.451251623
534	0	3.623	0.451251623
535	0	3.622	0.451251623
536	0	3.622	0.451251623
537	0	3.623	0.451251623
538	0	3.623	0.451251623
539	0	3.623	0.451251623
540	0	3.623	0.451251623
541	0	3.623	0.451251623
542	0	3.623	0.451251623
543	0	3.623	0.451251623
544	0	3.623	0.451251623
545	0	3.623	0.451251623
546	0	3.623	0.451251623
547	0	3.623	0.451251623
548	0	3.623	0.451251623
549	0	3.623	0.451251623
550	0	3.623	0.451251623
551	0	3.623	0.451251623
552	0	3.623	0.451251623
553	0	3.623	0.451251623
554	0	3.623	0.451251623
555	0	3.623	0.451251623
556	0	3.623	0.451251623
557	0	3.622	0.451251623
558	0	3.623	0.451251623
559	0	3.622	0.451251623
560	0	3.623	0.451251623
561	0	3.623	0.451251623
562	0	3.623	0.451251623
563	0	3.623	0.451251623
564	0	3.623	0.451251623
565	0	3.622	0.451251623
566	0	3.623	0.451251623
567	0	3.623	0.451251623
568	0	3.623	0.451251623
569	0	3.623	0.451251623
570	0	3.623	0.451251623
571	0	3.623	0.451251623
572	0	3.623	0.451251623
573	0	3.622	0.451251623
574	0	3.622	0.451251623
575	0	3.622	0.451251623
576	0	3.622	0.451251623
577	0	3.623	0.451251623
578	0	3.623	0.451251623
579	0	3.623	0.451251623
580	0	3.623	0.451251623
581	0	3.622	0.451251623
582	0	3.622	0.451251623
583	0	3.623	0.451251623
584	0	3.623	0.451251623
585	0	3.623	0.451251623
586	0	3.623	0.451251623
587	0	3.623	0.451251623
588	0	3.623	0.451251623
589	0	3.623	0.451251623
590	0	3.623	0.451251623
591	0	3.623	0.451251623
592	0	3.623	0.451251623
593	0	3.623	0.451251623
594	0	3.623	0.451251623
595	0	3.623	0.451251623
596	0	3.623	0.451251623
597	0	3.623	0.451251623
598	0	3.622	0.451251623
599	0	3.623	0.451251623
600	0	3.623	0.451251623
601	0	3.623	0.451251623
602	0	3.623	0.451251623
603	0	3.623	0.451251623
604	0	3.623	0.451251623
605	0	3.623	0.451251623
606	0	3.623	0.451251623
607	0	3.623	0.451251623
608	0	3.623	0.451251623
609	0	3.623	0.451251623
610	0	3.623	0.451251623
611	0	3.623	0.451251623
612	0	3.622	0.451251623
613	0	3.622	0.451251623
614	0	3.622	0.451251623
615	0	3.622	0.451251623
616	0	3.622	0.451251623
617	0	3.622	0.451251623
618	0	3.622	0.451251623
619	0	3.622	0.451251623
620	0	3.622	0.451251623
621	0	3.623	0.451251623
622	0	3.622	0.451251623
623	0	3.622	0.451251623
624	0	3.623	0.451251623
625	0	3.623	0.451251623
626	0	3.622	0.451251623
627	0	3.622	0.451251623
628	0	3.622	0.451251623
629	0	3.622	0.451251623
630	0	3.622	0.451251623
631	0	3.623	0.451251623
632	0	3.623	0.451251623
633	0	3.623	0.451251623
634	0	3.623	0.451251623
635	0	3.623	0.451251623
636	0	3.623	0.451251623
637	0	3.623	0.451251623
638	0	3.622	0.451251623
639	0	3.623	0.451251623
640	0	3.623	0.451251623
641	0	3.623	0.451251623
642	0	3.622	0.451251623
643	0	3.622	0.451251623
644	0	3.623	0.451251623
645	0	3.623	0.451251623
646	0	3.623	0.451251623
647	0	3.623	0.451251623
648	0	3.623	0.451251623
649	0	3.623	0.451251623
650	0	3.623	0.451251623
651	0	3.623	0.451251623
652	0	3.623	0.451251623
653	0	3.623	0.451251623
654	0	3.623	0.451251623
655	0	3.623	0.451251623
656	0	3.623	0.451251623
657	0	3.622	0.451251623
658	0	3.622	0.451251623
659	0	3.622	0.451251623
660	0	3.623	0.451251623
661	0	3.623	0.451251623
662	0	3.622	0.451251623
663	0	3.622	0.451251623
664	0	3.623	0.451251623
665	0	3.623	0.451251623
666	0	3.622	0.451251623
667	0	3.622	0.451251623
668	0	3.622	0.451251623
669	0	3.623	0.451251623
670	0	3.623	0.451251623
671	0	3.623	0.451251623
672	0	3.623	0.451251623
673	0	3.623	0.451251623
674	0	3.623	0.451251623
675	0	3.623	0.451251623
676	0	3.623	0.451251623
677	0	3.623	0.451251623
678	0	3.623	0.451251623
679	0	3.623	0.451251623
680	0	3.623	0.451251623
681	0	3.623	0.451251623
682	0	3.623	0.451251623
683	0	3.623	0.451251623
684	0	3.622	0.451251623
685	0	3.623	0.451251623
686	0	3.623	0.451251623
687	0	3.623	0.451251623
688	0	3.623	0.451251623
689	0	3.623	0.451251623
690	0	3.623	0.451251623
691	0	3.623	0.451251623
692	0	3.623	0.451251623
693	0	3.623	0.451251623
694	0	3.623	0.451251623
695	0	3.623	0.451251623
696	0	3.622	0.451251623
697	0	3.622	0.451251623
698	0	3.622	0.451251623
699	0	3.622	0.451251623
700	0	3.622	0.451251623
701	0	3.622	0.451251623
702	0	3.623	0.451251623
703	0	3.623	0.451251623
704	0	3.622	0.451251623
705	0	3.622	0.451251623
706	0	3.622	0.451251623
707	0	3.623	0.451251623
708	0	3.623	0.451251623
709	0	3.622	0.451251623
710	0	3.623	0.451251623
711	0	3.622	0.451251623
712	0	3.622	0.451251623
713	0	3.622	0.451251623
714	0	3.622	0.451251623
715	0	3.622	0.451251623
716	0	3.622	0.451251623
717	0	3.623	0.451251623
718	0	3.622	0.451251623
719	0	3.623	0.451251623
720	0	3.623	0.451251623
721	0	3.622	0.451251623
722	0	3.623	0.451251623
723	0	3.623	0.451251623
724	0	3.623	0.451251623
725	0	3.623	0.451251623
726	0	3.622	0.451251623
727	0	3.622	0.451251623
728	0	3.622	0.451251623
729	0	3.622	0.451251623
730	0	3.623	0.451251623
731	0	3.623	0.451251623
732	0	3.623	0.451251623
733	0	3.623	0.451251623
734	0	3.623	0.451251623
735	0	3.623	0.451251623
736	0	3.622	0.451251623
737	0	3.622	0.451251623
738	0	3.622	0.451251623
739	0	3.623	0.451251623
740	0	3.623	0.451251623
741	0	3.623	0.451251623
742	0	3.623	0.451251623
743	0	3.623	0.451251623
744	0	3.623	0.451251623
745	0	3.623	0.451251623
746	0	3.623	0.451251623
747	0	3.623	0.451251623
748	0	3.623	0.451251623
749	0	3.622	0.451251623
750	0	3.622	0.451251623
751	0	3.622	0.451251623
752	0	3.622	0.451251623
753	0	3.622	0.451251623
754	0	3.623	0.451251623
755	0	3.623	0.451251623
756	0	3.623	0.451251623
757	0	3.623	0.451251623
758	0	3.622	0.451251623
759	0	3.623	0.451251623
760	0	3.622	0.451251623
761	0	3.623	0.451251623
762	0	3.623	0.451251623
763	0	3.623	0.451251623
764	0	3.623	0.451251623
765	0	3.623	0.451251623
766	0	3.623	0.451251623
767	0	3.623	0.451251623
768	0	3.623	0.451251623
769	0	3.623	0.451251623
770	0	3.622	0.451251623
771	0	3.622	0.451251623
772	0	3.623	0.451251623
773	0	3.623	0.451251623
774	0	3.623	0.451251623
775	0	3.623	0.451251623
776	0	3.623	0.451251623
777	0	3.623	0.451251623
778	0	3.623	0.451251623
779	0	3.623	0.451251623
780	0	3.622	0.451251623
781	0	3.622	0.451251623
782	0	3.623	0.451251623
783	0	3.623	0.451251623
784	0	3.622	0.451251623
785	0	3.623	0.451251623
786	0	3.623	0.451251623
787	0	3.623	0.451251623
788	0	3.623	0.451251623
789	0	3.623	0.451251623
790	0	3.623	0.451251623
791	0	3.623	0.451251623
792	0	3.623	0.451251623
793	0	3.622	0.451251623
794	0	3.623	0.451251623
795	0	3.623	0.451251623
796	0	3.623	0.451251623
797	0	3.623	0.451251623
798	0	3.623	0.451251623
799	0	3.623	0.451251623
800	0	3.623	0.451251623
801	0	3.623	0.451251623
802	0	3.623	0.451251623
803	0	3.623	0.451251623
804	0	3.623	0.451251623
805	0	3.623	0.451251623
806	0	3.623	0.451251623
807	0	3.623	0.451251623
808	0	3.623	0.451251623
809	0	3.623	0.451251623
810	0	3.623	0.451251623
811	0	3.623	0.451251623
812	0	3.623	0.451251623
813	0	3.623	0.451251623
814	0	3.623	0.451251623
815	0	3.623	0.451251623
816	0	3.623	0.451251623
817	0	3.623	0.451251623
818	0	3.623	0.451251623
819	0	3.623	0.451251623
820	0	3.623	0.451251623
821	0	3.623	0.451251623
822	0	3.623	0.451251623
823	0	3.623	0.451251623
824	0	3.623	0.451251623
825	0	3.623	0.451251623
826	0	3.623	0.451251623
827	0	3.622	0.451251623
828	0	3.622	0.451251623
829	0	3.622	0.451251623
830	0	3.623	0.451251623
831	0	3.622	0.451251623
832	0	3.622	0.451251623
833	0	3.623	0.451251623
834	0	3.623	0.451251623
835	0	3.623	0.451251623
836	0	3.623	0.451251623
837	0	3.623	0.451251623
838	0	3.623	0.451251623
839	0	3.623	0.451251623
840	0	3.623	0.451251623
841	0	3.623	0.451251623
842	0	3.623	0.451251623
843	0	3.623	0.451251623
844	0	3.623	0.451251623
845	0	3.623	0.451251623
846	0	3.623	0.451251623
847	0	3.623	0.451251623
848	0	3.623	0.451251623
849	0	3.623	0.451251623
850	0	3.623	0.451251623
851	0	3.623	0.451251623
852	0	3.623	0.451251623
853	0	3.623	0.451251623
854	0	3.623	0.451251623
855	0	3.623	0.451251623
856	0	3.623	0.451251623
857	0	3.623	0.451251623
858	0	3.623	0.451251623
859	0	3.623	0.451251623
860	0	3.623	0.451251623
861	0	3.623	0.451251623
862	0	3.623	0.451251623
863	0	3.623	0.451251623
864	0	3.623	0.451251623
865	0	3.623	0.451251623
866	0	3.623	0.451251623
867	0	3.623	0.451251623
868	0	3.623	0.451251623
869	0	3.623	0.451251623
870	0	3.623	0.451251623
871	0	3.622	0.451251623
872	0	3.623	0.451251623
873	0	3.623	0.451251623
874	0	3.623	0.451251623
875	0	3.623	0.451251623
876	0	3.623	0.451251623
877	0	3.623	0.451251623
878	0	3.623	0.451251623
879	0	3.623	0.451251623
880	0	3.622	0.451251623
881	0	3.623	0.451251623
882	0	3.623	0.451251623
883	0	3.622	0.451251623
884	0	3.623	0.451251623
885	0	3.623	0.451251623
886	0	3.623	0.451251623
887	0	3.623	0.451251623
888	0	3.623	0.451251623
889	0	3.623	0.451251623
890	0	3.623	0.451251623
891	0	3.622	0.451251623
892	0	3.622	0.451251623
893	0	3.623	0.451251623
894	0	3.623	0.451251623
895	0	3.623	0.451251623
896	0	3.623	0.451251623
897	0	3.623	0.451251623
898	0	3.622	0.451251623
899	0	3.623	0.451251623
900	0	3.623	0.451251623
901	0	3.623	0.451251623
902	0	3.623	0.451251623
903	0	3.623	0.451251623
904	0	3.623	0.451251623
905	0	3.623	0.451251623
906	0	3.622	0.451251623
907	0	3.622	0.451251623
908	0	3.622	0.451251623
909	0	3.622	0.451251623
910	0	3.622	0.451251623
911	0	3.623	0.451251623
912	0	3.623	0.451251623
913	0	3.623	0.451251623
914	0	3.623	0.451251623
915	0	3.623	0.451251623
916	0	3.622	0.451251623
917	0	3.622	0.451251623
918	0	3.623	0.451251623
919	0	3.622	0.451251623
920	0	3.623	0.451251623
921	0	3.623	0.451251623
922	0	3.622	0.451251623
923	0	3.622	0.451251623
924	0	3.623	0.451251623
925	0	3.623	0.451251623
926	0	3.623	0.451251623
927	0	3.623	0.451251623
928	0	3.623	0.451251623
929	0	3.623	0.451251623
930	0	3.623	0.451251623
931	0	3.623	0.451251623
932	0	3.622	0.451251623
933	0	3.623	0.451251623
934	0	3.623	0.451251623
935	0	3.623	0.451251623
936	0	3.623	0.451251623
937	0	3.623	0.451251623
938	0	3.623	0.451251623
939	0	3.623	0.451251623
940	0	3.623	0.451251623
941	0	3.623	0.451251623
942	0	3.623	0.451251623
943	0	3.623	0.451251623
944	0	3.623	0.451251623
945	0	3.622	0.451251623
946	0	3.622	0.451251623
947	0	3.622	0.451251623
948	0	3.623	0.451251623
949	0	3.623	0.451251623
950	0	3.622	0.451251623
951	0	3.623	0.451251623
952	0	3.623	0.451251623
953	0	3.622	0.451251623
954	0	3.623	0.451251623
955	0	3.622	0.451251623
956	0	3.623	0.451251623
957	0	3.623	0.451251623
958	0	3.623	0.451251623
959	0	3.623	0.451251623
960	0	3.623	0.451251623
961	0	3.623	0.451251623
962	0	3.623	0.451251623
963	0	3.623	0.451251623
964	0	3.623	0.451251623
965	0	3.623	0.451251623
966	0	3.623	0.451251623
967	0	3.622	0.451251623
968	0	3.623	0.451251623
969	0	3.623	0.451251623
970	0	3.623	0.451251623
971	0	3.623	0.451251623
972	0	3.623	0.451251623
973	0	3.622	0.451251623
974	0	3.622	0.451251623
975	0	3.623	0.451251623
976	0	3.623	0.451251623
977	0	3.623	0.451251623
978	0	3.623	0.451251623
979	0	3.622	0.451251623
980	0	3.623	0.451251623
981	0	3.623	0.451251623
982	0	3.623	0.451251623
983	0	3.623	0.451251623
984	0	3.623	0.451251623
985	0	3.623	0.451251623
986	0	3.623	0.451251623
987	0	3.623	0.451251623
988	0	3.623	0.451251623
989	0	3.623	0.451251623
990	0	3.623	0.451251623
991	0	3.623	0.451251623
992	0	3.623	0.451251623
993	0	3.623	0.451251623
994	0	3.622	0.451251623
995	0	3.622	0.451251623
996	0	3.623	0.451251623
997	0	3.623	0.451251623
998	0	3.623	0.451251623
999	0	3.623	0.451251623
1000	0	3.623	0.451251623
1001	0	3.623	0.451251623
1002	0	3.623	0.451251623
1003	0	3.622	0.451251623
1004	0	3.622	0.451251623
1005	0	3.623	0.451251623
1006	0	3.623	0.451251623
1007	0	3.623	0.451251623
1008	0	3.623	0.451251623
1009	0	3.623	0.451251623
1010	2.652	3.555	0.45111263
1011	2.652	3.553	0.450973636
1012	2.651	3.551	0.450834695
1013	2.651	3.549	0.450695753
1014	2.651	3.548	0.450556812
1015	2.651	3.547	0.450417871
1016	2.651	3.546	0.450278929
1017	2.65	3.545	0.450140041
1018	2.65	3.545	0.450001152
1019	2.651	3.544	0.44986221
1020	2.65	3.543	0.449723322
1021	2.65	3.543	0.449584433
1022	2.65	3.542	0.449445544
1023	2.65	3.541	0.449306655
1024	2.65	3.541	0.449167766
1025	2.65	3.54	0.449028877
1026	2.65	3.54	0.448889988
1027	2.651	3.539	0.448751047
1028	2.65	3.539	0.448612158
1029	2.65	3.538	0.448473269
1030	2.65	3.538	0.44833438
1031	2.65	3.538	0.448195491
1032	2.65	3.537	0.448056602
1033	2.65	3.537	0.447917714
1034	2.65	3.536	0.447778825
1035	2.649	3.536	0.447639988
1036	2.649	3.536	0.447501152
1037	2.649	3.535	0.447362315
1038	2.65	3.535	0.447223426
1039	2.65	3.535	0.447084537
1040	2.649	3.534	0.446945701
1041	2.649	3.534	0.446806865
1042	2.649	3.534	0.446668028
1043	2.65	3.534	0.446529139
1044	2.647	3.533	0.446390407
1045	2.648	3.533	0.446251623
1046	2.649	3.533	0.446112787
1047	2.649	3.532	0.44597395
1048	2.649	3.532	0.445835114
1049	2.649	3.532	0.445696278
1050	2.649	3.532	0.445557441
1051	2.649	3.531	0.445418605
1052	2.649	3.531	0.445279768
1053	2.649	3.531	0.445140932
1054	2.649	3.531	0.445002095
1055	2.649	3.531	0.444863259
1056	2.649	3.53	0.444724422
1057	2.648	3.53	0.444585638
1058	2.649	3.53	0.444446802
1059	2.649	3.53	0.444307965
1060	2.649	3.529	0.444169129
1061	2.648	3.529	0.444030345
1062	2.649	3.529	0.443891508
1063	2.648	3.529	0.443752724
1064	2.648	3.529	0.44361394
1065	2.648	3.528	0.443475156
1066	2.648	3.528	0.443336372
1067	2.648	3.528	0.443197588
1068	2.648	3.528	0.443058804
1069	2.648	3.528	0.44292002
1070	2.648	3.528	0.442781236
1071	2.648	3.527	0.442642452
1072	2.648	3.527	0.442503667
1073	2.648	3.527	0.442364883
1074	2.648	3.527	0.442226099
1075	2.648	3.527	0.442087315
1076	2.648	3.527	0.441948531
1077	2.648	3.527	0.441809747
1078	2.648	3.526	0.441670963
1079	2.648	3.526	0.441532179
1080	2.648	3.526	0.441393395
1081	2.648	3.526	0.441254611
1082	2.648	3.526	0.441115827
1083	2.648	3.526	0.440977043
1084	2.648	3.526	0.440838259
1085	2.646	3.525	0.440699579
1086	2.648	3.525	0.440560795
1087	2.648	3.525	0.440422011
1088	2.648	3.525	0.440283227
1089	2.648	3.525	0.440144443
1090	2.648	3.525	0.440005659
1091	2.648	3.525	0.439866875
1092	2.648	3.524	0.439728091
1093	2.648	3.524	0.439589307
1094	2.648	3.524	0.439450523
1095	2.648	3.524	0.439311739
1096	2.648	3.524	0.439172955
1097	2.648	3.524	0.439034171
1098	2.648	3.524	0.438895387
1099	2.648	3.523	0.438756602
1100	2.648	3.523	0.438617818
1101	2.648	3.523	0.438479034
1102	2.648	3.523	0.43834025
1103	2.648	3.523	0.438201466
1104	2.648	3.522	0.438062682
1105	2.648	3.522	0.437923898
1106	2.648	3.522	0.437785114
1107	2.648	3.522	0.43764633
1108	2.648	3.522	0.437507546
1109	2.648	3.522	0.437368762
1110	2.648	3.522	0.437229978
1111	2.648	3.522	0.437091194
1112	2.648	3.522	0.43695241
1113	2.648	3.522	0.436813626
1114	2.648	3.521	0.436674841
1115	2.648	3.521	0.436536057
1116	2.648	3.521	0.436397273
1117	2.648	3.521	0.436258489
1118	2.648	3.521	0.436119705
1119	2.648	3.521	0.435980921
1120	2.648	3.521	0.435842137
1121	2.648	3.52	0.435703353
1122	2.648	3.521	0.435564569
1123	2.648	3.52	0.435425785
1124	2.647	3.52	0.435287053
1125	2.646	3.52	0.435148374
1126	2.648	3.52	0.43500959
1127	2.648	3.52	0.434870806
1128	2.648	3.52	0.434732022
1129	2.647	3.52	0.43459329
1130	2.647	3.52	0.434454558
1131	2.647	3.52	0.434315827
1132	2.647	3.52	0.434177095
1133	2.648	3.52	0.434038311
1134	2.648	3.52	0.433899527
1135	2.647	3.519	0.433760795
1136	2.647	3.519	0.433622064
1137	2.647	3.519	0.433483332
1138	2.647	3.519	0.4333446
1139	2.647	3.518	0.433205869
1140	2.648	3.518	0.433067085
1141	2.648	3.518	0.432928301
1142	2.648	3.518	0.432789516
1143	2.648	3.518	0.432650732
1144	2.647	3.518	0.432512001
1145	2.647	3.518	0.432373269
1146	2.647	3.518	0.432234537
1147	2.647	3.518	0.432095806
1148	2.647	3.518	0.431957074
1149	2.647	3.518	0.431818342
1150	2.647	3.518	0.431679611
1151	2.647	3.518	0.431540879
1152	2.647	3.517	0.431402148
1153	2.647	3.517	0.431263416
1154	2.647	3.517	0.431124684
1155	2.647	3.517	0.430985953
1156	2.647	3.517	0.430847221
1157	2.647	3.517	0.430708489
1158	2.646	3.516	0.43056981
1159	2.647	3.516	0.430431078
1160	2.646	3.516	0.430292399
1161	2.647	3.516	0.430153667
1162	2.647	3.516	0.430014936
1163	2.646	3.516	0.429876257
1164	2.646	3.516	0.429737577
1165	2.647	3.516	0.429598846
1166	2.646	3.516	0.429460166
1167	2.646	3.516	0.429321487
1168	2.646	3.516	0.429182808
1169	2.646	3.516	0.429044129
1170	2.646	3.515	0.428905449
1171	2.646	3.515	0.42876677
1172	2.646	3.515	0.428628091
1173	2.646	3.515	0.428489412
1174	2.646	3.515	0.428350732
1175	2.646	3.515	0.428212053
1176	2.644	3.515	0.428073479
1177	2.646	3.515	0.4279348
1178	2.646	3.515	0.42779612
1179	2.646	3.515	0.427657441
1180	2.646	3.514	0.427518762
1181	2.646	3.514	0.427380083
1182	2.645	3.514	0.427241456
1183	2.645	3.514	0.427102829
1184	2.646	3.514	0.42696415
1185	2.646	3.514	0.42682547
1186	2.646	3.514	0.426686791
1187	2.646	3.514	0.426548112
1188	2.646	3.514	0.426409433
1189	2.646	3.513	0.426270753
1190	2.646	3.513	0.426132074
1191	2.646	3.513	0.425993395
1192	2.647	3.513	0.425854663
1193	2.646	3.513	0.425715984
1194	2.646	3.513	0.425577305
1195	2.646	3.513	0.425438626
1196	2.646	3.513	0.425299946
1197	2.646	3.513	0.425161267
1198	2.646	3.513	0.425022588
1199	2.646	3.513	0.424883909
1200	2.645	3.512	0.424745282
1201	2.646	3.512	0.424606602
1202	2.645	3.512	0.424467976
1203	2.645	3.512	0.424329349
1204	2.646	3.512	0.42419067
1205	2.646	3.512	0.42405199
1206	2.646	3.511	0.423913311
1207	2.645	3.511	0.423774684
1208	2.645	3.512	0.423636057
1209	2.645	3.511	0.423497431
1210	2.646	3.511	0.423358751
1211	2.645	3.511	0.423220124
1212	2.645	3.511	0.423081498
1213	2.645	3.511	0.422942871
1214	2.645	3.511	0.422804244
1215	2.645	3.511	0.422665617
1216	2.643	3.511	0.422527095
1217	2.645	3.511	0.422388468
1218	2.646	3.511	0.422249789
1219	2.645	3.511	0.422111162
1220	2.645	3.51	0.421972535
1221	2.645	3.51	0.421833909
1222	2.645	3.51	0.421695282
1223	2.645	3.511	0.421556655
1224	2.645	3.511	0.421418028
1225	2.645	3.51	0.421279401
1226	2.645	3.51	0.421140774
1227	2.646	3.51	0.421002095
1228	2.645	3.51	0.420863468
1229	2.646	3.51	0.420724789
1230	2.645	3.51	0.420586162
1231	2.645	3.509	0.420447535
1232	2.646	3.509	0.420308856
1233	2.645	3.509	0.420170229
1234	2.645	3.509	0.420031602
1235	2.645	3.509	0.419892976
1236	2.645	3.509	0.419754349
1237	2.645	3.509	0.419615722
1238	2.645	3.509	0.419477095
1239	2.645	3.509	0.419338468
1240	2.645	3.509	0.419199841
1241	2.645	3.509	0.419061215
1242	2.646	3.509	0.418922535
1243	2.645	3.509	0.418783909
1244	2.646	3.509	0.418645229
1245	2.646	3.508	0.41850655
1246	2.646	3.508	0.418367871
1247	2.645	3.508	0.418229244
1248	2.645	3.508	0.418090617
1249	2.645	3.508	0.41795199
1250	2.645	3.508	0.417813363
1251	2.645	3.508	0.417674737
1252	2.645	3.507	0.41753611
1253	2.645	3.507	0.417397483
1254	2.645	3.508	0.417258856
1255	2.645	3.507	0.417120229
1256	2.643	3.507	0.416981707
1257	2.643	3.507	0.416843185
1258	2.646	3.507	0.416704506
1259	2.646	3.507	0.416565827
1260	2.647	3.506	0.416427095
1261	2.647	3.506	0.416288363
1262	2.647	3.506	0.416149632
1263	2.647	3.506	0.4160109
1264	2.647	3.506	0.415872168
1265	2.647	3.506	0.415733437
1266	2.647	3.506	0.415594705
1267	2.648	3.506	0.415455921
1268	2.648	3.506	0.415317137
1269	2.648	3.506	0.415178353
1270	2.648	3.506	0.415039569
1271	2.648	3.506	0.414900785
1272	2.649	3.506	0.414761948
1273	2.649	3.506	0.414623112
1274	2.648	3.506	0.414484328
1275	2.649	3.505	0.414345491
1276	2.649	3.505	0.414206655
1277	2.649	3.505	0.414067818
1278	2.648	3.505	0.413929034
1279	2.649	3.505	0.413790198
1280	2.649	3.505	0.413651361
1281	2.649	3.505	0.413512525
1282	2.65	3.505	0.413373636
1283	2.65	3.505	0.413234747
1284	2.65	3.505	0.413095858
1285	2.65	3.505	0.412956969
1286	2.65	3.504	0.41281808
1287	2.651	3.504	0.412679139
1288	2.65	3.504	0.41254025
1289	2.65	3.504	0.412401361
1290	2.651	3.504	0.41226242
1291	2.651	3.504	0.412123479
1292	2.651	3.504	0.411984537
1293	2.651	3.504	0.411845596
1294	2.651	3.504	0.411706655
1295	2.651	3.504	0.411567714
1296	2.651	3.504	0.411428772
1297	2.649	3.503	0.411289936
1298	2.651	3.503	0.411150994
1299	2.651	3.503	0.411012053
1300	2.651	3.503	0.410873112
1301	2.652	3.503	0.410734118
1302	2.651	3.503	0.410595177
1303	2.651	3.503	0.410456236
1304	2.652	3.503	0.410317242
1305	2.651	3.503	0.410178301
1306	2.651	3.502	0.410039359
1307	2.651	3.502	0.409900418
1308	2.651	3.502	0.409761477
1309	2.65	3.502	0.409622588
1310	2.651	3.502	0.409483646
1311	2.651	3.502	0.409344705
1312	2.651	3.502	0.409205764
1313	2.65	3.502	0.409066875
1314	2.65	3.502	0.408927986
1315	2.65	3.502	0.408789097
1316	2.65	3.502	0.408650208
1317	2.65	3.502	0.408511319
1318	2.65	3.502	0.408372431
1319	2.65	3.502	0.408233542
1320	2.65	3.501	0.408094653
1321	2.65	3.502	0.407955764
1322	2.65	3.501	0.407816875
1323	2.649	3.501	0.407678039
1324	2.649	3.501	0.407539202
1325	2.649	3.501	0.407400366
1326	2.649	3.501	0.407261529
1327	2.649	3.501	0.407122693
1328	2.649	3.501	0.406983856
1329	2.649	3.501	0.40684502
1330	2.649	3.501	0.406706183
1331	2.649	3.501	0.406567347
1332	2.649	3.5	0.40642851
1333	2.649	3.5	0.406289674
1334	2.649	3.5	0.406150837
1335	2.649	3.5	0.406012001
1336	2.649	3.5	0.405873164
1337	2.647	3.5	0.405734433
1338	2.649	3.5	0.405595596
1339	2.649	3.5	0.40545676
1340	2.649	3.5	0.405317923
1341	2.649	3.5	0.405179087
1342	2.649	3.5	0.40504025
1343	2.649	3.5	0.404901414
1344	2.649	3.499	0.404762577
1345	2.648	3.499	0.404623793
1346	2.648	3.499	0.404485009
1347	2.648	3.499	0.404346225
1348	2.649	3.499	0.404207389
1349	2.649	3.499	0.404068552
1350	2.648	3.499	0.403929768
1351	2.649	3.499	0.403790932
1352	2.649	3.498	0.403652095
1353	2.649	3.499	0.403513259
1354	2.649	3.499	0.403374422
1355	2.648	3.499	0.403235638
1356	2.648	3.499	0.403096854
1357	2.648	3.498	0.40295807
1358	2.648	3.498	0.402819286
1359	2.648	3.498	0.402680502
1360	2.649	3.498	0.402541665
1361	2.648	3.498	0.402402881
1362	2.648	3.498	0.402264097
1363	2.649	3.498	0.402125261
1364	2.649	3.498	0.401986424
1365	2.649	3.498	0.401847588
1366	2.648	3.497	0.401708804
1367	2.648	3.497	0.40157002
1368	2.648	3.497	0.401431236
1369	2.648	3.497	0.401292452
1370	2.648	3.497	0.401153667
1371	2.648	3.497	0.401014883
1372	2.648	3.497	0.400876099
1373	2.648	3.497	0.400737315
1374	2.648	3.497	0.400598531
1375	2.648	3.497	0.400459747
1376	2.648	3.497	0.400320963
1377	2.646	3.497	0.400182284
1378	2.648	3.497	0.4000435
1379	2.648	3.497	0.399904716
1380	2.648	3.496	0.399765932
1381	2.648	3.496	0.399627148
1382	2.648	3.496	0.399488363
1383	2.649	3.496	0.399349527
1384	2.649	3.496	0.39921069
1385	2.649	3.496	0.399071854
1386	2.649	3.495	0.398933018
1387	2.649	3.495	0.398794181
1388	2.65	3.495	0.398655292
1389	2.649	3.495	0.398516456
1390	2.65	3.495	0.398377567
1391	2.65	3.495	0.398238678
1392	2.65	3.495	0.398099789
1393	2.65	3.495	0.3979609
1394	2.65	3.495	0.397822011
1395	2.651	3.495	0.39768307
1396	2.651	3.495	0.397544129
1397	2.651	3.495	0.397405187
1398	2.651	3.495	0.397266246
1399	2.652	3.495	0.397127252
1400	2.652	3.495	0.396988259
1401	2.653	3.494	0.396849213
1402	2.653	3.494	0.396710166
1403	2.654	3.494	0.396571068
1404	2.654	3.494	0.396431969
1405	2.654	3.494	0.396292871
1406	2.654	3.494	0.396153772
1407	2.655	3.494	0.396014621
1408	2.654	3.494	0.395875523
1409	2.655	3.494	0.395736372
1410	2.655	3.493	0.395597221
1411	2.655	3.493	0.39545807
1412	2.655	3.493	0.395318919
1413	2.654	3.493	0.39517982
1414	2.654	3.493	0.395040722
1415	2.654	3.493	0.394901623
1416	2.654	3.493	0.394762525
1417	2.651	3.493	0.394623584
1418	2.653	3.493	0.394484537
1419	2.653	3.493	0.394345491
1420	2.652	3.493	0.394206498
1421	2.652	3.493	0.394067504
1422	2.652	3.493	0.39392851
1423	2.652	3.493	0.393789516
1424	2.652	3.492	0.393650523
1425	2.652	3.492	0.393511529
1426	2.652	3.492	0.393372535
1427	2.652	3.492	0.393233542
1428	2.652	3.492	0.393094548
1429	2.652	3.492	0.392955554
1430	2.652	3.492	0.392816561
1431	2.652	3.492	0.392677567
1432	2.652	3.492	0.392538573
1433	2.652	3.492	0.392399579
1434	2.652	3.492	0.392260586
1435	2.651	3.491	0.392121644
1436	2.652	3.491	0.391982651
1437	2.652	3.491	0.391843657
1438	2.652	3.491	0.391704663
1439	2.651	3.491	0.391565722
1440	2.652	3.491	0.391426728
1441	2.652	3.491	0.391287735
1442	2.652	3.491	0.391148741
1443	2.651	3.491	0.3910098
1444	2.652	3.491	0.390870806
1445	2.652	3.491	0.390731812
1446	2.651	3.491	0.390592871
1447	2.651	3.491	0.390453929
1448	2.651	3.49	0.390314988
1449	2.652	3.49	0.390175994
1450	2.651	3.49	0.390037053
1451	2.651	3.49	0.389898112
1452	2.651	3.49	0.389759171
1453	2.651	3.49	0.389620229
1454	2.651	3.49	0.389481288
1455	2.651	3.49	0.389342347
1456	2.651	3.49	0.389203405
1457	2.65	3.49	0.389064516
1458	2.649	3.489	0.38892568
1459	2.65	3.489	0.388786791
1460	2.65	3.489	0.388647902
1461	2.65	3.489	0.388509013
1462	2.65	3.49	0.388370124
1463	2.65	3.489	0.388231236
1464	2.65	3.489	0.388092347
1465	2.651	3.489	0.387953405
1466	2.651	3.488	0.387814464
1467	2.651	3.488	0.387675523
1468	2.651	3.488	0.387536581
1469	2.652	3.488	0.387397588
1470	2.652	3.488	0.387258594
1471	2.652	3.488	0.3871196
1472	2.652	3.488	0.386980607
1473	2.652	3.488	0.386841613
1474	2.652	3.488	0.386702619
1475	2.652	3.488	0.386563626
1476	2.652	3.488	0.386424632
1477	2.652	3.488	0.386285638
1478	2.652	3.488	0.386146644
1479	2.652	3.488	0.386007651
1480	2.652	3.488	0.385868657
1481	2.652	3.487	0.385729663
1482	2.651	3.487	0.385590722
1483	2.651	3.487	0.385451781
1484	2.651	3.487	0.385312839
1485	2.651	3.487	0.385173898
1486	2.651	3.487	0.385034957
1487	2.651	3.487	0.384896015
1488	2.651	3.487	0.384757074
1489	2.651	3.486	0.384618133
1490	2.65	3.486	0.384479244
1491	2.65	3.486	0.384340355
1492	2.65	3.486	0.384201466
1493	2.651	3.486	0.384062525
1494	2.651	3.486	0.383923584
1495	2.651	3.486	0.383784642
1496	2.651	3.486	0.383645701
1497	2.651	3.486	0.38350676
1498	2.651	3.486	0.383367818
1499	2.651	3.486	0.383228877
1500	2.651	3.486	0.383089936
1501	2.65	3.486	0.382951047
1502	2.65	3.486	0.382812158
1503	2.65	3.486	0.382673269
1504	2.65	3.486	0.38253438
1505	2.65	3.486	0.382395491
1506	2.65	3.485	0.382256602
1507	2.65	3.485	0.382117714
1508	2.648	3.485	0.381978929
1509	2.65	3.485	0.381840041
1510	2.649	3.485	0.381701204
1511	2.649	3.485	0.381562368
1512	2.649	3.485	0.381423531
1513	2.649	3.485	0.381284695
1514	2.648	3.485	0.381145911
1515	2.648	3.485	0.381007127
1516	2.648	3.484	0.380868342
1517	2.649	3.484	0.380729506
1518	2.648	3.484	0.380590722
1519	2.648	3.484	0.380451938
1520	2.648	3.484	0.380313154
1521	2.648	3.484	0.38017437
1522	2.648	3.484	0.380035586
1523	2.648	3.484	0.379896802
1524	2.648	3.484	0.379758018
1525	2.648	3.484	0.379619233
1526	2.648	3.484	0.379480449
1527	2.648	3.484	0.379341665
1528	2.648	3.484	0.379202881
1529	2.648	3.484	0.379064097
1530	2.648	3.484	0.378925313
1531	2.648	3.483	0.378786529
1532	2.647	3.483	0.378647797
1533	2.648	3.483	0.378509013
1534	2.648	3.483	0.378370229
1535	2.648	3.483	0.378231445
1536	2.648	3.483	0.378092661
1537	2.648	3.483	0.377953877
1538	2.648	3.482	0.377815093
1539	2.648	3.482	0.377676309
1540	2.648	3.482	0.377537525
1541	2.647	3.482	0.377398793
1542	2.647	3.482	0.377260062
1543	2.648	3.482	0.377121278
1544	2.647	3.482	0.376982546
1545	2.648	3.482	0.376843762
1546	2.648	3.482	0.376704978
1547	2.648	3.482	0.376566194
1548	2.648	3.482	0.37642741
1549	2.648	3.482	0.376288626
1550	2.648	3.482	0.376149841
1551	2.648	3.482	0.376011057
1552	2.648	3.482	0.375872273
1553	2.648	3.481	0.375733489
1554	2.648	3.482	0.375594705
1555	2.648	3.482	0.375455921
1556	2.648	3.481	0.375317137
1557	2.648	3.481	0.375178353
1558	2.648	3.481	0.375039569
1559	2.648	3.481	0.374900785
1560	2.648	3.481	0.374762001
1561	2.648	3.481	0.374623217
1562	2.648	3.48	0.374484433
1563	2.648	3.481	0.374345649
1564	2.648	3.481	0.374206865
1565	2.648	3.48	0.37406808
1566	2.648	3.481	0.373929296
1567	2.648	3.481	0.373790512
1568	2.648	3.48	0.373651728
1569	2.648	3.48	0.373512944
1570	2.647	3.48	0.373374213
1571	2.65	3.479	0.373235324
1572	2.65	3.479	0.373096435
1573	2.65	3.479	0.372957546
1574	2.65	3.479	0.372818657
1575	2.651	3.479	0.372679716
1576	2.65	3.479	0.372540827
1577	2.651	3.479	0.372401885
1578	2.651	3.479	0.372262944
1579	2.65	3.479	0.372124055
1580	2.65	3.479	0.371985166
1581	2.65	3.479	0.371846278
1582	2.651	3.479	0.371707336
1583	2.651	3.478	0.371568395
1584	2.652	3.478	0.371429401
1585	2.652	3.479	0.371290407
1586	2.652	3.479	0.371151414
1587	2.652	3.478	0.37101242
1588	2.652	3.478	0.370873426
1589	2.652	3.478	0.370734433
1590	2.652	3.478	0.370595439
1591	2.652	3.478	0.370456445
1592	2.652	3.478	0.370317452
1593	2.653	3.478	0.370178405
1594	2.653	3.478	0.370039359
1595	2.654	3.477	0.369900261
1596	2.654	3.477	0.369761162
1597	2.654	3.477	0.369622064
1598	2.654	3.477	0.369482965
1599	2.655	3.477	0.369343814
1600	2.655	3.477	0.369204663
1601	2.655	3.477	0.369065512
1602	2.655	3.477	0.368926361
1603	2.655	3.477	0.36878721
1604	2.655	3.477	0.368648059
1605	2.655	3.477	0.368508909
1606	2.654	3.477	0.36836981
1607	2.655	3.477	0.368230659
1608	2.655	3.477	0.368091508
1609	2.655	3.476	0.367952357
1610	2.654	3.477	0.367813259
1611	2.654	3.476	0.36767416
1612	2.653	3.476	0.367535114
1613	2.654	3.476	0.367396015
1614	2.653	3.476	0.367256969
1615	2.653	3.476	0.367117923
1616	2.653	3.476	0.366978877
1617	2.653	3.475	0.366839831
1618	2.653	3.475	0.366700785
1619	2.653	3.475	0.366561739
1620	2.651	3.475	0.366422797
1621	2.652	3.475	0.366283804
1622	2.652	3.475	0.36614481
1623	2.652	3.475	0.366005816
1624	2.652	3.475	0.365866823
1625	2.652	3.475	0.365727829
1626	2.652	3.475	0.365588835
1627	2.652	3.475	0.365449841
1628	2.652	3.475	0.365310848
1629	2.652	3.475	0.365171854
1630	2.652	3.475	0.36503286
1631	2.652	3.474	0.364893867
1632	2.652	3.474	0.364754873
1633	2.652	3.474	0.364615879
1634	2.652	3.474	0.364476885
1635	2.651	3.474	0.364337944
1636	2.651	3.474	0.364199003
1637	2.651	3.474	0.364060062
1638	2.651	3.474	0.36392112
1639	2.651	3.474	0.363782179
1640	2.651	3.473	0.363643238
1641	2.651	3.473	0.363504296
1642	2.651	3.473	0.363365355
1643	2.651	3.473	0.363226414
1644	2.65	3.473	0.363087525
1645	2.65	3.473	0.362948636
1646	2.65	3.473	0.362809747
1647	2.65	3.473	0.362670858
1648	2.65	3.473	0.362531969
1649	2.65	3.473	0.36239308
1650	2.65	3.473	0.362254192
1651	2.65	3.473	0.362115303
1652	2.65	3.472	0.361976414
1653	2.649	3.472	0.361837577
1654	2.649	3.472	0.361698741
1655	2.65	3.472	0.361559852
1656	2.649	3.472	0.361421015
1657	2.649	3.472	0.361282179
1658	2.649	3.472	0.361143342
1659	2.649	3.472	0.361004506
1660	2.649	3.472	0.36086567
1661	2.649	3.472	0.360726833
1662	2.649	3.472	0.360587997
1663	2.649	3.472	0.36044916
1664	2.649	3.472	0.360310324
1665	2.648	3.472	0.36017154
1666	2.648	3.472	0.360032755
1667	2.649	3.472	0.359893919
1668	2.648	3.472	0.359755135
1669	2.648	3.472	0.359616351
1670	2.648	3.471	0.359477567
1671	2.646	3.471	0.359338888
1672	2.648	3.471	0.359200103
1673	2.648	3.471	0.359061319
1674	2.648	3.471	0.358922535
1675	2.648	3.47	0.358783751
1676	2.648	3.471	0.358644967
1677	2.648	3.47	0.358506183
1678	2.648	3.47	0.358367399
1679	2.648	3.47	0.358228615
1680	2.647	3.47	0.358089883
1681	2.647	3.47	0.357951152
1682	2.647	3.47	0.35781242
1683	2.647	3.47	0.357673688
1684	2.648	3.47	0.357534904
1685	2.648	3.47	0.35739612
1686	2.648	3.47	0.357257336
1687	2.648	3.47	0.357118552
1688	2.648	3.47	0.356979768
1689	2.647	3.47	0.356841036
1690	2.647	3.469	0.356702305
1691	2.647	3.469	0.356563573
1692	2.647	3.469	0.356424841
1693	2.647	3.469	0.35628611
1694	2.647	3.469	0.356147378
1695	2.647	3.469	0.356008646
1696	2.646	3.469	0.355869967
1697	2.646	3.469	0.355731288
1698	2.646	3.469	0.355592609
1699	2.646	3.469	0.355453929
1700	2.646	3.468	0.35531525
1701	2.646	3.469	0.355176571
1702	2.646	3.468	0.355037892
1703	2.646	3.468	0.354899213
1704	2.646	3.468	0.354760533
1705	2.646	3.468	0.354621854
1706	2.646	3.468	0.354483175
1707	2.645	3.468	0.354344548
1708	2.645	3.468	0.354205921
1709	2.646	3.468	0.354067242
1710	2.646	3.468	0.353928563
1711	2.644	3.468	0.353789988
1712	2.646	3.468	0.353651309
1713	2.646	3.468	0.35351263
1714	2.646	3.467	0.35337395
1715	2.645	3.467	0.353235324
1716	2.645	3.467	0.353096697
1717	2.645	3.467	0.35295807
1718	2.646	3.467	0.352819391
1719	2.645	3.467	0.352680764
1720	2.645	3.467	0.352542137
1721	2.645	3.467	0.35240351
1722	2.645	3.466	0.352264883
1723	2.645	3.466	0.352126257
1724	2.644	3.466	0.351987682
1725	2.645	3.466	0.351849055
1726	2.645	3.466	0.351710428
1727	2.645	3.466	0.351571802
1728	2.645	3.466	0.351433175
1729	2.644	3.466	0.3512946
1730	2.645	3.466	0.351155974
1731	2.645	3.466	0.351017347
1732	2.645	3.466	0.35087872
1733	2.645	3.466	0.350740093
1734	2.645	3.466	0.350601466
1735	2.644	3.466	0.350462892
1736	2.644	3.466	0.350324317
1737	2.645	3.466	0.35018569
1738	2.645	3.465	0.350047064
1739	2.645	3.465	0.349908437
1740	2.645	3.465	0.34976981
1741	2.645	3.465	0.349631183
1742	2.401	3.465	0.349505345
1743	0	3.534	0.349505345
1744	0	3.537	0.349505345
1745	0	3.538	0.349505345
1746	0	3.54	0.349505345
1747	0	3.54	0.349505345
1748	0	3.542	0.349505345
1749	0	3.543	0.349505345
1750	0	3.543	0.349505345
1751	0	3.544	0.349505345
1752	0	3.545	0.349505345
1753	0	3.546	0.349505345
1754	0	3.547	0.349505345
1755	0	3.547	0.349505345
1756	0	3.548	0.349505345
1757	0	3.548	0.349505345
1758	0	3.549	0.349505345
1759	0	3.55	0.349505345
1760	0	3.55	0.349505345
1761	0	3.55	0.349505345
1762	0	3.551	0.349505345
1763	0	3.551	0.349505345
1764	0	3.551	0.349505345
1765	0	3.552	0.349505345
1766	0	3.552	0.349505345
1767	0	3.553	0.349505345
1768	0	3.553	0.349505345
1769	0	3.553	0.349505345
1770	0	3.554	0.349505345
1771	0	3.554	0.349505345
1772	0	3.554	0.349505345
1773	0	3.555	0.349505345
1774	0	3.555	0.349505345
1775	0	3.555	0.349505345
1776	0	3.556	0.349505345
1777	0	3.556	0.349505345
1778	0	3.556	0.349505345
1779	0	3.556	0.349505345
1780	0	3.556	0.349505345
1781	0	3.557	0.349505345
1782	0	3.557	0.349505345
1783	0	3.557	0.349505345
1784	0	3.558	0.349505345
1785	0	3.558	0.349505345
1786	0	3.558	0.349505345
1787	0	3.559	0.349505345
1788	0	3.559	0.349505345
1789	0	3.559	0.349505345
1790	0	3.559	0.349505345
1791	0	3.559	0.349505345
1792	0	3.559	0.349505345
1793	0	3.559	0.349505345
1794	0	3.559	0.349505345
1795	0	3.56	0.349505345
1796	0	3.56	0.349505345
1797	0	3.56	0.349505345
1798	0	3.56	0.349505345
1799	0	3.56	0.349505345
1800	0	3.561	0.349505345
1801	0	3.561	0.349505345
1802	0	3.561	0.349505345
1803	0	3.561	0.349505345
1804	0	3.561	0.349505345
1805	0	3.561	0.349505345
1806	0	3.562	0.349505345
1807	0	3.562	0.349505345
1808	0	3.562	0.349505345
1809	0	3.562	0.349505345
1810	0	3.562	0.349505345
1811	0	3.562	0.349505345
1812	0	3.562	0.349505345
1813	0	3.562	0.349505345
1814	0	3.562	0.349505345
1815	0	3.563	0.349505345
1816	0	3.563	0.349505345
1817	0	3.563	0.349505345
1818	0	3.563	0.349505345
1819	0	3.563	0.349505345
1820	0	3.563	0.349505345
1821	0	3.563	0.349505345
1822	0	3.563	0.349505345
1823	0	3.563	0.349505345
1824	0	3.563	0.349505345
1825	0	3.564	0.349505345
1826	0	3.564	0.349505345
1827	0	3.564	0.349505345
1828	0	3.564	0.349505345
1829	0	3.564	0.349505345
1830	0	3.564	0.349505345
1831	0	3.564	0.349505345
1832	0	3.564	0.349505345
1833	0	3.564	0.349505345
1834	0	3.565	0.349505345
1835	0	3.565	0.349505345
1836	0	3.565	0.349505345
1837	0	3.565	0.349505345
1838	0	3.565	0.349505345
1839	0	3.565	0.349505345
1840	0	3.565	0.349505345
1841	0	3.565	0.349505345
1842	0	3.565	0.349505345
1843	0	3.565	0.349505345
1844	0	3.565	0.349505345
1845	0	3.565	0.349505345
1846	0	3.565	0.349505345
1847	0	3.565	0.349505345
1848	0	3.565	0.349505345
1849	0	3.565	0.349505345
1850	0	3.566	0.349505345
1851	0	3.566	0.349505345
1852	0	3.566	0.349505345
1853	0	3.566	0.349505345
1854	0	3.566	0.349505345
1855	0	3.566	0.349505345
1856	0	3.566	0.349505345
1857	0	3.566	0.349505345
1858	0	3.566	0.349505345
1859	0	3.566	0.349505345
1860	0	3.566	0.349505345
1861	0	3.567	0.349505345
1862	0	3.566	0.349505345
1863	0	3.567	0.349505345
1864	0	3.567	0.349505345
1865	0	3.567	0.349505345
1866	0	3.567	0.349505345
1867	0	3.567	0.349505345
1868	0	3.567	0.349505345
1869	0	3.567	0.349505345
1870	0	3.567	0.349505345
1871	0	3.567	0.349505345
1872	0	3.567	0.349505345
1873	0	3.567	0.349505345
1874	0	3.567	0.349505345
1875	0	3.567	0.349505345
1876	0	3.568	0.349505345
1877	0	3.568	0.349505345
1878	0	3.568	0.349505345
1879	0	3.568	0.349505345
1880	0	3.568	0.349505345
1881	0	3.568	0.349505345
1882	0	3.568	0.349505345
1883	0	3.568	0.349505345
1884	0	3.568	0.349505345
1885	0	3.568	0.349505345
1886	0	3.568	0.349505345
1887	0	3.568	0.349505345
1888	0	3.568	0.349505345
1889	0	3.568	0.349505345
1890	0	3.568	0.349505345
1891	0	3.568	0.349505345
1892	0	3.568	0.349505345
1893	0	3.568	0.349505345
1894	0	3.568	0.349505345
1895	0	3.568	0.349505345
1896	0	3.568	0.349505345
1897	0	3.568	0.349505345
1898	0	3.568	0.349505345
1899	0	3.568	0.349505345
1900	0	3.569	0.349505345
1901	0	3.569	0.349505345
1902	0	3.569	0.349505345
1903	0	3.569	0.349505345
1904	0	3.569	0.349505345
1905	0	3.569	0.349505345
1906	0	3.569	0.349505345
1907	0	3.569	0.349505345
1908	0	3.569	0.349505345
1909	0	3.569	0.349505345
1910	0	3.569	0.349505345
1911	0	3.569	0.349505345
1912	0	3.569	0.349505345
1913	0	3.569	0.349505345
1914	0	3.569	0.349505345
1915	0	3.569	0.349505345
1916	0	3.569	0.349505345
1917	0	3.569	0.349505345
1918	0	3.569	0.349505345
1919	0	3.569	0.349505345
1920	0	3.569	0.349505345
1921	0	3.57	0.349505345
1922	0	3.57	0.349505345
1923	0	3.57	0.349505345
1924	0	3.57	0.349505345
1925	0	3.57	0.349505345
1926	0	3.57	0.349505345
1927	0	3.57	0.349505345
1928	0	3.57	0.349505345
1929	0	3.57	0.349505345
1930	0	3.57	0.349505345
1931	0	3.57	0.349505345
1932	0	3.57	0.349505345
1933	0	3.57	0.349505345
1934	0	3.57	0.349505345
1935	0	3.57	0.349505345
1936	0	3.57	0.349505345
1937	0	3.57	0.349505345
1938	0	3.57	0.349505345
1939	0	3.57	0.349505345
1940	0	3.57	0.349505345
1941	0	3.57	0.349505345
1942	0	3.57	0.349505345
1943	0	3.57	0.349505345
1944	0	3.57	0.349505345
1945	0	3.57	0.349505345
1946	0	3.57	0.349505345
1947	0	3.57	0.349505345
1948	0	3.571	0.349505345
1949	0	3.571	0.349505345
1950	0	3.571	0.349505345
1951	0	3.57	0.349505345
1952	0	3.571	0.349505345
1953	0	3.57	0.349505345
1954	0	3.57	0.349505345
1955	0	3.571	0.349505345
1956	0	3.571	0.349505345
1957	0	3.571	0.349505345
1958	0	3.571	0.349505345
1959	0	3.571	0.349505345
1960	0	3.571	0.349505345
1961	0	3.571	0.349505345
1962	0	3.571	0.349505345
1963	0	3.571	0.349505345
1964	0	3.571	0.349505345
1965	0	3.571	0.349505345
1966	0	3.571	0.349505345
1967	0	3.571	0.349505345
1968	0	3.571	0.349505345
1969	0	3.571	0.349505345
1970	0	3.571	0.349505345
1971	0	3.572	0.349505345
1972	0	3.571	0.349505345
1973	0	3.572	0.349505345
1974	0	3.572	0.349505345
1975	0	3.572	0.349505345
1976	0	3.572	0.349505345
1977	0	3.572	0.349505345
1978	0	3.572	0.349505345
1979	0	3.572	0.349505345
1980	0	3.572	0.349505345
1981	0	3.572	0.349505345
1982	0	3.572	0.349505345
1983	0	3.572	0.349505345
1984	0	3.572	0.349505345
1985	0	3.572	0.349505345
1986	0	3.572	0.349505345
1987	0	3.572	0.349505345
1988	0	3.572	0.349505345
1989	0	3.572	0.349505345
1990	0	3.572	0.349505345
1991	0	3.572	0.349505345
1992	0	3.572	0.349505345
1993	0	3.572	0.349505345
1994	0	3.572	0.349505345
1995	0	3.572	0.349505345
1996	0	3.572	0.349505345
1997	0	3.572	0.349505345
1998	0	3.572	0.349505345
1999	0	3.572	0.349505345
2000	0	3.572	0.349505345
2001	0	3.572	0.349505345
2002	0	3.572	0.349505345
2003	0	3.572	0.349505345
2004	0	3.572	0.349505345
2005	0	3.572	0.349505345
2006	0	3.572	0.349505345
2007	0	3.572	0.349505345
2008	0	3.572	0.349505345
2009	0	3.572	0.349505345
2010	0	3.572	0.349505345
2011	0	3.572	0.349505345
2012	0	3.572	0.349505345
2013	0	3.572	0.349505345
2014	0	3.572	0.349505345
2015	0	3.572	0.349505345
2016	0	3.572	0.349505345
2017	0	3.572	0.349505345
2018	0	3.572	0.349505345
2019	0	3.572	0.349505345
2020	0	3.572	0.349505345
2021	0	3.572	0.349505345
2022	0	3.572	0.349505345
2023	0	3.572	0.349505345
2024	0	3.572	0.349505345
2025	0	3.573	0.349505345
2026	0	3.573	0.349505345
2027	0	3.573	0.349505345
2028	0	3.572	0.349505345
2029	0	3.572	0.349505345
2030	0	3.572	0.349505345
2031	0	3.572	0.349505345
2032	0	3.572	0.349505345
2033	0	3.572	0.349505345
2034	0	3.572	0.349505345
2035	0	3.573	0.349505345
2036	0	3.573	0.349505345
2037	0	3.572	0.349505345
2038	0	3.573	0.349505345
2039	0	3.573	0.349505345
2040	0	3.573	0.349505345
2041	0	3.573	0.349505345
2042	0	3.573	0.349505345
2043	0	3.573	0.349505345
2044	0	3.573	0.349505345
2045	0	3.573	0.349505345
2046	0	3.573	0.349505345
2047	0	3.573	0.349505345
2048	0	3.573	0.349505345
2049	0	3.573	0.349505345
2050	0	3.573	0.349505345
2051	0	3.573	0.349505345
2052	0	3.573	0.349505345
2053	0	3.573	0.349505345
2054	0	3.573	0.349505345
2055	0	3.573	0.349505345
2056	0	3.574	0.349505345
2057	0	3.573	0.349505345
2058	0	3.573	0.349505345
2059	0	3.573	0.349505345
2060	0	3.573	0.349505345
2061	0	3.573	0.349505345
2062	0	3.573	0.349505345
2063	0	3.573	0.349505345
2064	0	3.574	0.349505345
2065	0	3.573	0.349505345
2066	0	3.574	0.349505345
2067	0	3.574	0.349505345
2068	0	3.574	0.349505345
2069	0	3.574	0.349505345
2070	0	3.574	0.349505345
2071	0	3.574	0.349505345
2072	0	3.573	0.349505345
2073	0	3.573	0.349505345
2074	0	3.574	0.349505345
2075	0	3.574	0.349505345
2076	0	3.574	0.349505345
2077	0	3.574	0.349505345
2078	0	3.574	0.349505345
2079	0	3.574	0.349505345
2080	0	3.574	0.349505345
2081	0	3.574	0.349505345
2082	0	3.574	0.349505345
2083	0	3.574	0.349505345
2084	0	3.574	0.349505345
2085	0	3.574	0.349505345
2086	0	3.574	0.349505345
2087	0	3.574	0.349505345
2088	0	3.574	0.349505345
2089	0	3.574	0.349505345
2090	0	3.574	0.349505345
2091	0	3.574	0.349505345
2092	0	3.574	0.349505345
2093	0	3.574	0.349505345
2094	0	3.574	0.349505345
2095	0	3.574	0.349505345
2096	0	3.574	0.349505345
2097	0	3.574	0.349505345
2098	0	3.574	0.349505345
2099	0	3.574	0.349505345
2100	0	3.574	0.349505345
2101	0	3.574	0.349505345
2102	0	3.574	0.349505345
2103	0	3.574	0.349505345
2104	0	3.574	0.349505345
2105	0	3.574	0.349505345
2106	0	3.574	0.349505345
2107	0	3.574	0.349505345
2108	0	3.574	0.349505345
2109	0	3.574	0.349505345
2110	0	3.574	0.349505345
2111	0	3.574	0.349505345
2112	0	3.574	0.349505345
2113	0	3.574	0.349505345
2114	0	3.574	0.349505345
2115	0	3.574	0.349505345
2116	0	3.574	0.349505345
2117	0	3.574	0.349505345
2118	0	3.574	0.349505345
2119	0	3.574	0.349505345
2120	0	3.574	0.349505345
2121	0	3.574	0.349505345
2122	0	3.574	0.349505345
2123	0	3.574	0.349505345
2124	0	3.574	0.349505345
2125	0	3.575	0.349505345
2126	0	3.575	0.349505345
2127	0	3.574	0.349505345
2128	0	3.574	0.349505345
2129	0	3.574	0.349505345
2130	0	3.574	0.349505345
2131	0	3.575	0.349505345
2132	0	3.575	0.349505345
2133	0	3.575	0.349505345
2134	0	3.574	0.349505345
2135	0	3.575	0.349505345
2136	0	3.575	0.349505345
2137	0	3.574	0.349505345
2138	0	3.574	0.349505345
2139	0	3.575	0.349505345
2140	0	3.575	0.349505345
2141	0	3.575	0.349505345
2142	0	3.575	0.349505345
2143	0	3.575	0.349505345
2144	0	3.575	0.349505345
2145	0	3.575	0.349505345
2146	0	3.575	0.349505345
2147	0	3.575	0.349505345
2148	0	3.575	0.349505345
2149	0	3.575	0.349505345
2150	0	3.575	0.349505345
2151	0	3.575	0.349505345
2152	0	3.575	0.349505345
2153	0	3.575	0.349505345
2154	0	3.575	0.349505345
2155	0	3.575	0.349505345
2156	0	3.575	0.349505345
2157	0	3.575	0.349505345
2158	0	3.575	0.349505345
2159	0	3.575	0.349505345
2160	0	3.575	0.349505345
2161	0	3.575	0.349505345
2162	0	3.575	0.349505345
2163	0	3.575	0.349505345
2164	0	3.575	0.349505345
2165	0	3.575	0.349505345
2166	0	3.575	0.349505345
2167	0	3.575	0.349505345
2168	0	3.575	0.349505345
2169	0	3.575	0.349505345
2170	0	3.575	0.349505345
2171	0	3.575	0.349505345
2172	0	3.575	0.349505345
2173	0	3.575	0.349505345
2174	0	3.575	0.349505345
2175	0	3.575	0.349505345
2176	0	3.575	0.349505345
2177	0	3.575	0.349505345
2178	0	3.576	0.349505345
2179	0	3.575	0.349505345
2180	0	3.575	0.349505345
2181	0	3.576	0.349505345
2182	0	3.576	0.349505345
2183	0	3.575	0.349505345
2184	0	3.576	0.349505345
2185	0	3.576	0.349505345
2186	0	3.576	0.349505345
2187	0	3.576	0.349505345
2188	0	3.576	0.349505345
2189	0	3.576	0.349505345
2190	0	3.575	0.349505345
2191	0	3.576	0.349505345
2192	0	3.576	0.349505345
2193	0	3.576	0.349505345
2194	0	3.575	0.349505345
2195	0	3.576	0.349505345
2196	0	3.576	0.349505345
2197	0	3.576	0.349505345
2198	0	3.576	0.349505345
2199	0	3.576	0.349505345
2200	0	3.576	0.349505345
2201	0	3.576	0.349505345
2202	0	3.575	0.349505345
2203	0	3.575	0.349505345
2204	0	3.576	0.349505345
2205	0	3.576	0.349505345
2206	0	3.576	0.349505345
2207	0	3.576	0.349505345
2208	0	3.576	0.349505345
2209	0	3.576	0.349505345
2210	0	3.576	0.349505345
2211	0	3.576	0.349505345
2212	0	3.576	0.349505345
2213	0	3.576	0.349505345
2214	0	3.576	0.349505345
2215	0	3.576	0.349505345
2216	0	3.576	0.349505345
2217	0	3.576	0.349505345
2218	0	3.576	0.349505345
2219	0	3.576	0.349505345
2220	0	3.576	0.349505345
2221	0	3.576	0.349505345
2222	0	3.576	0.349505345
2223	0	3.576	0.349505345
2224	0	3.576	0.349505345
2225	0	3.576	0.349505345
2226	0	3.576	0.349505345
2227	0	3.576	0.349505345
2228	0	3.576	0.349505345
2229	0	3.576	0.349505345
2230	0	3.576	0.349505345
2231	0	3.576	0.349505345
2232	0	3.576	0.349505345
2233	0	3.576	0.349505345
2234	0	3.576	0.349505345
2235	0	3.576	0.349505345
2236	0	3.576	0.349505345
2237	0	3.576	0.349505345
2238	0	3.576	0.349505345
2239	0	3.576	0.349505345
2240	0	3.576	0.349505345
2241	0	3.576	0.349505345
2242	0	3.576	0.349505345
2243	0	3.576	0.349505345
2244	0	3.576	0.349505345
2245	0	3.576	0.349505345
2246	0	3.576	0.349505345
2247	0	3.576	0.349505345
2248	0	3.576	0.349505345
2249	0	3.576	0.349505345
2250	0	3.576	0.349505345
2251	0	3.576	0.349505345
2252	0	3.576	0.349505345
2253	0	3.576	0.349505345
2254	0	3.576	0.349505345
2255	0	3.576	0.349505345
2256	0	3.576	0.349505345
2257	0	3.576	0.349505345
2258	0	3.576	0.349505345
2259	0	3.576	0.349505345
2260	0	3.576	0.349505345
2261	0	3.577	0.349505345
2262	0	3.577	0.349505345
2263	0	3.577	0.349505345
2264	0	3.577	0.349505345
2265	0	3.577	0.349505345
2266	0	3.577	0.349505345
2267	0	3.577	0.349505345
2268	0	3.576	0.349505345
2269	0	3.576	0.349505345
2270	0	3.576	0.349505345
2271	0	3.576	0.349505345
2272	0	3.576	0.349505345
2273	0	3.576	0.349505345
2274	0	3.576	0.349505345
2275	0	3.577	0.349505345
2276	0	3.577	0.349505345
2277	0	3.577	0.349505345
2278	0	3.577	0.349505345
2279	0	3.577	0.349505345
2280	0	3.577	0.349505345
2281	0	3.576	0.349505345
2282	0	3.576	0.349505345
2283	0	3.577	0.349505345
2284	0	3.577	0.349505345
2285	0	3.577	0.349505345
2286	0	3.576	0.349505345
2287	0	3.577	0.349505345
2288	0	3.577	0.349505345
2289	0	3.577	0.349505345
2290	0	3.577	0.349505345
2291	0	3.577	0.349505345
2292	0	3.577	0.349505345
2293	0	3.577	0.349505345
2294	0	3.577	0.349505345
2295	0	3.577	0.349505345
2296	0	3.577	0.349505345
2297	0	3.577	0.349505345
2298	0	3.577	0.349505345
2299	0	3.577	0.349505345
2300	0	3.577	0.349505345
2301	0	3.577	0.349505345
2302	0	3.577	0.349505345
2303	0	3.577	0.349505345
2304	0	3.577	0.349505345
2305	0	3.577	0.349505345
2306	0	3.577	0.349505345
2307	0	3.577	0.349505345
2308	0	3.577	0.349505345
2309	0	3.577	0.349505345
2310	0	3.577	0.349505345
2311	0	3.577	0.349505345
2312	0	3.577	0.349505345
2313	0	3.577	0.349505345
2314	0	3.577	0.349505345
2315	0	3.577	0.349505345
2316	0	3.577	0.349505345
2317	0	3.577	0.349505345
2318	0	3.577	0.349505345
2319	0	3.577	0.349505345
2320	0	3.577	0.349505345
2321	0	3.577	0.349505345
2322	0	3.577	0.349505345
2323	0	3.577	0.349505345
2324	0	3.577	0.349505345
2325	0	3.577	0.349505345
2326	0	3.577	0.349505345
2327	0	3.577	0.349505345
2328	0	3.577	0.349505345
2329	0	3.577	0.349505345
2330	0	3.577	0.349505345
2331	0	3.577	0.349505345
2332	0	3.577	0.349505345
2333	0	3.577	0.349505345
2334	0	3.577	0.349505345
2335	0	3.577	0.349505345
2336	0	3.577	0.349505345
2337	0	3.577	0.349505345
2338	0	3.577	0.349505345
2339	0	3.577	0.349505345
2340	0	3.577	0.349505345
2341	0	3.577	0.349505345
2342	0	3.577	0.349505345
2343	0	3.577	0.349505345
2344	0	3.577	0.349505345
2345	0	3.577	0.349505345
2346	0	3.577	0.349505345
2347	0	3.577	0.349505345
2348	0	3.577	0.349505345
2349	0	3.577	0.349505345
2350	0	3.577	0.349505345
2351	0	3.577	0.349505345
2352	0	3.577	0.349505345
2353	0	3.577	0.349505345
2354	0	3.577	0.349505345
2355	0	3.577	0.349505345
2356	0	3.577	0.349505345
2357	0	3.577	0.349505345
2358	0	3.577	0.349505345
2359	0	3.577	0.349505345
2360	0	3.577	0.349505345
2361	0	3.577	0.349505345
2362	0	3.577	0.349505345
2363	0	3.577	0.349505345
2364	0	3.577	0.349505345
2365	0	3.577	0.349505345
2366	0	3.577	0.349505345
2367	0	3.577	0.349505345
2368	0	3.577	0.349505345
2369	0	3.577	0.349505345
2370	0	3.577	0.349505345
2371	0	3.577	0.349505345
2372	0	3.577	0.349505345
2373	0	3.577	0.349505345
2374	0	3.577	0.349505345
2375	0	3.577	0.349505345
2376	0	3.577	0.349505345
2377	0	3.577	0.349505345
2378	0	3.577	0.349505345
2379	0	3.577	0.349505345
2380	0	3.577	0.349505345
2381	0	3.577	0.349505345
2382	0	3.577	0.349505345
2383	0	3.577	0.349505345
2384	0	3.577	0.349505345
2385	0	3.577	0.349505345
2386	0	3.577	0.349505345
2387	0	3.577	0.349505345
2388	0	3.577	0.349505345
2389	0	3.577	0.349505345
2390	0	3.578	0.349505345
2391	0	3.578	0.349505345
2392	0	3.577	0.349505345
2393	0	3.577	0.349505345
2394	0	3.577	0.349505345
2395	0	3.578	0.349505345
2396	0	3.578	0.349505345
2397	0	3.577	0.349505345
2398	0	3.577	0.349505345
2399	0	3.577	0.349505345
2400	0	3.577	0.349505345
2401	0	3.578	0.349505345
2402	0	3.578	0.349505345
2403	0	3.577	0.349505345
2404	0	3.577	0.349505345
2405	0	3.577	0.349505345
2406	0	3.577	0.349505345
2407	0	3.578	0.349505345
2408	0	3.577	0.349505345
2409	0	3.577	0.349505345
2410	0	3.577	0.349505345
2411	0	3.578	0.349505345
2412	0	3.577	0.349505345
2413	0	3.577	0.349505345
2414	0	3.577	0.349505345
2415	0	3.577	0.349505345
2416	0	3.578	0.349505345
2417	0	3.578	0.349505345
2418	0	3.578	0.349505345
2419	0	3.578	0.349505345
2420	0	3.577	0.349505345
2421	0	3.578	0.349505345
2422	0	3.578	0.349505345
2423	0	3.578	0.349505345
2424	0	3.577	0.349505345
2425	0	3.578	0.349505345
2426	0	3.578	0.349505345
2427	0	3.577	0.349505345
2428	0	3.577	0.349505345
2429	0	3.578	0.349505345
2430	0	3.578	0.349505345
2431	0	3.578	0.349505345
2432	0	3.577	0.349505345
2433	0	3.577	0.349505345
2434	0	3.578	0.349505345
2435	0	3.578	0.349505345
2436	0	3.578	0.349505345
2437	0	3.578	0.349505345
2438	0	3.578	0.349505345
2439	0	3.578	0.349505345
2440	0	3.577	0.349505345
2441	0	3.577	0.349505345
2442	0	3.577	0.349505345
2443	0	3.577	0.349505345
2444	0	3.577	0.349505345
2445	0	3.577	0.349505345
2446	0	3.578	0.349505345
2447	0	3.578	0.349505345
2448	0	3.577	0.349505345
2449	0	3.577	0.349505345
2450	0	3.578	0.349505345
2451	0	3.578	0.349505345
2452	0	3.578	0.349505345
2453	0	3.578	0.349505345
2454	0	3.578	0.349505345
2455	0	3.578	0.349505345
2456	0	3.577	0.349505345
2457	0	3.578	0.349505345
2458	0	3.578	0.349505345
2459	0	3.578	0.349505345
2460	0	3.578	0.349505345
2461	0	3.577	0.349505345
2462	0	3.577	0.349505345
2463	0	3.578	0.349505345
2464	0	3.578	0.349505345
2465	0	3.578	0.349505345
2466	0	3.578	0.349505345
2467	0	3.578	0.349505345
2468	0	3.578	0.349505345
2469	0	3.578	0.349505345
2470	0	3.578	0.349505345
2471	0	3.578	0.349505345
2472	0	3.578	0.349505345
2473	0	3.578	0.349505345
2474	0	3.578	0.349505345
2475	0	3.578	0.349505345
2476	0	3.578	0.349505345
2477	0	3.578	0.349505345
2478	0	3.578	0.349505345
2479	0	3.578	0.349505345
2480	0	3.578	0.349505345
2481	0	3.577	0.349505345
2482	0	3.578	0.349505345
2483	0	3.578	0.349505345
2484	0	3.578	0.349505345
2485	0	3.578	0.349505345
2486	0	3.578	0.349505345
2487	0	3.578	0.349505345
2488	0	3.578	0.349505345
2489	0	3.578	0.349505345
2490	0	3.578	0.349505345
2491	0	3.578	0.349505345
2492	0	3.578	0.349505345
2493	0	3.578	0.349505345
2494	0	3.578	0.349505345
2495	0	3.578	0.349505345
2496	0	3.578	0.349505345
2497	0	3.578	0.349505345
2498	0	3.578	0.349505345
2499	0	3.578	0.349505345
2500	0	3.578	0.349505345
2501	0	3.578	0.349505345
2502	0	3.578	0.349505345
2503	0	3.578	0.349505345
2504	0	3.578	0.349505345
2505	0	3.578	0.349505345
2506	0	3.578	0.349505345
2507	0	3.578	0.349505345
2508	0	3.578	0.349505345
2509	0	3.578	0.349505345
2510	0	3.578	0.349505345
2511	0	3.578	0.349505345
2512	0	3.578	0.349505345
2513	0	3.578	0.349505345
2514	0	3.578	0.349505345
2515	0	3.578	0.349505345
2516	0	3.578	0.349505345
2517	0	3.578	0.349505345
2518	0	3.578	0.349505345
2519	0	3.578	0.349505345
2520	0	3.578	0.349505345
2521	0	3.578	0.349505345
2522	0	3.578	0.349505345
2523	0	3.578	0.349505345
2524	0	3.578	0.349505345
2525	0	3.578	0.349505345
2526	0	3.578	0.349505345
2527	0	3.578	0.349505345
2528	0	3.578	0.349505345
2529	0	3.578	0.349505345
2530	0	3.578	0.349505345
2531	0	3.578	0.349505345
2532	0	3.578	0.349505345
2533	0	3.578	0.349505345
2534	0	3.578	0.349505345
2535	0	3.578	0.349505345
2536	0	3.578	0.349505345
2537	0	3.578	0.349505345
2538	0	3.578	0.349505345
2539	0	3.578	0.349505345
2540	0	3.578	0.349505345
2541	0	3.578	0.349505345
2542	0	3.578	0.349505345
2543	0	3.578	0.349505345
2544	0	3.578	0.349505345
2545	0	3.578	0.349505345
2546	0	3.578	0.349505345
2547	0	3.578	0.349505345
2548	0	3.578	0.349505345
2549	0	3.578	0.349505345
2550	0	3.578	0.349505345
2551	0	3.578	0.349505345
2552	0	3.578	0.349505345
2553	0	3.578	0.349505345
2554	0	3.578	0.349505345
2555	0	3.578	0.349505345
2556	0	3.578	0.349505345
2557	0	3.578	0.349505345
2558	0	3.578	0.349505345
2559	0	3.578	0.349505345
2560	0	3.578	0.349505345
2561	0	3.578	0.349505345
2562	0	3.578	0.349505345
2563	0	3.578	0.349505345
2564	0	3.578	0.349505345
2565	0	3.578	0.349505345
2566	0	3.578	0.349505345
2567	0	3.579	0.349505345
2568	0	3.579	0.349505345
2569	0	3.578	0.349505345
2570	0	3.579	0.349505345
2571	0	3.579	0.349505345
2572	0	3.579	0.349505345
2573	0	3.578	0.349505345
2574	0	3.579	0.349505345
2575	0	3.578	0.349505345
2576	0	3.579	0.349505345
2577	0	3.579	0.349505345
2578	0	3.579	0.349505345
2579	0	3.578	0.349505345
2580	0	3.579	0.349505345
2581	0	3.579	0.349505345
2582	0	3.578	0.349505345
2583	0	3.579	0.349505345
2584	0	3.579	0.349505345
2585	0	3.578	0.349505345
2586	0	3.578	0.349505345
2587	0	3.579	0.349505345
2588	0	3.578	0.349505345
2589	0	3.578	0.349505345
2590	0	3.578	0.349505345
2591	0	3.578	0.349505345
2592	0	3.578	0.349505345
2593	0	3.578	0.349505345
2594	0	3.579	0.349505345
2595	0	3.579	0.349505345
2596	0	3.579	0.349505345
2597	0	3.579	0.349505345
2598	0	3.579	0.349505345
2599	0	3.579	0.349505345
2600	0	3.579	0.349505345
2601	0	3.579	0.349505345
2602	0	3.578	0.349505345
2603	0	3.578	0.349505345
2604	0	3.578	0.349505345
2605	0	3.579	0.349505345
2606	0	3.579	0.349505345
2607	0	3.579	0.349505345
2608	0	3.578	0.349505345
2609	0	3.579	0.349505345
2610	0	3.579	0.349505345
2611	0	3.578	0.349505345
2612	0	3.578	0.349505345
2613	0	3.579	0.349505345
2614	0	3.579	0.349505345
2615	0	3.579	0.349505345
2616	0	3.578	0.349505345
2617	0	3.579	0.349505345
2618	0	3.579	0.349505345
2619	0	3.579	0.349505345
2620	0	3.579	0.349505345
2621	0	3.579	0.349505345
2622	0	3.579	0.349505345
2623	0	3.578	0.349505345
2624	0	3.578	0.349505345
2625	0	3.579	0.349505345
2626	0	3.579	0.349505345
2627	0	3.579	0.349505345
2628	0	3.579	0.349505345
2629	0	3.579	0.349505345
2630	0	3.579	0.349505345
2631	0	3.579	0.349505345
2632	0	3.579	0.349505345
2633	0	3.579	0.349505345
2634	0	3.579	0.349505345
2635	0	3.579	0.349505345
2636	0	3.579	0.349505345
2637	0	3.579	0.349505345
2638	0	3.579	0.349505345
2639	0	3.579	0.349505345
2640	0	3.579	0.349505345
2641	0	3.579	0.349505345
2642	0	3.579	0.349505345
2643	0	3.579	0.349505345
2644	0	3.579	0.349505345
2645	0	3.579	0.349505345
2646	0	3.579	0.349505345
2647	0	3.579	0.349505345
2648	0	3.579	0.349505345
2649	0	3.579	0.349505345
2650	0	3.579	0.349505345
2651	0	3.579	0.349505345
2652	0	3.579	0.349505345
2653	0	3.579	0.349505345
2654	0	3.579	0.349505345
2655	0	3.579	0.349505345
2656	0	3.579	0.349505345
2657	0	3.579	0.349505345
2658	0	3.579	0.349505345
2659	0	3.579	0.349505345
2660	0	3.579	0.349505345
2661	0	3.579	0.349505345
2662	0	3.579	0.349505345
2663	0	3.579	0.349505345
2664	0	3.579	0.349505345
2665	0	3.579	0.349505345
2666	0	3.579	0.349505345
2667	0	3.579	0.349505345
2668	0	3.579	0.349505345
2669	0	3.579	0.349505345
2670	0	3.579	0.349505345
2671	0	3.579	0.349505345
2672	0	3.579	0.349505345
2673	0	3.579	0.349505345
2674	0	3.579	0.349505345
2675	0	3.579	0.349505345
2676	0	3.579	0.349505345
2677	0	3.579	0.349505345
2678	0	3.579	0.349505345
2679	0	3.579	0.349505345
2680	0	3.579	0.349505345
2681	0	3.579	0.349505345
2682	0	3.579	0.349505345
2683	0	3.579	0.349505345
2684	0	3.579	0.349505345
2685	0	3.579	0.349505345
2686	0	3.579	0.349505345
2687	0	3.578	0.349505345
2688	0	3.579	0.349505345
2689	0	3.579	0.349505345
2690	0	3.579	0.349505345
2691	0	3.579	0.349505345
2692	0	3.579	0.349505345
2693	0	3.579	0.349505345
2694	0	3.579	0.349505345
2695	0	3.579	0.349505345
2696	0	3.579	0.349505345
2697	0	3.579	0.349505345
2698	0	3.579	0.349505345
2699	0	3.579	0.349505345
2700	0	3.579	0.349505345
2701	0	3.579	0.349505345
2702	0	3.579	0.349505345
2703	0	3.579	0.349505345
2704	0	3.579	0.349505345
2705	0	3.579	0.349505345
2706	0	3.579	0.349505345
2707	0	3.579	0.349505345
2708	0	3.579	0.349505345
2709	0	3.579	0.349505345
2710	0	3.579	0.349505345
2711	0	3.579	0.349505345
2712	0	3.579	0.349505345
2713	0	3.579	0.349505345
2714	0	3.579	0.349505345
2715	0	3.579	0.349505345
2716	0	3.579	0.349505345
2717	0	3.579	0.349505345
2718	0	3.579	0.349505345
2719	0	3.579	0.349505345
2720	0	3.579	0.349505345
2721	0	3.579	0.349505345
2722	0	3.579	0.349505345
2723	0	3.579	0.349505345
2724	0	3.579	0.349505345
2725	0	3.579	0.349505345
2726	0	3.579	0.349505345
2727	0	3.579	0.349505345
2728	0	3.579	0.349505345
2729	0	3.579	0.349505345
2730	0	3.579	0.349505345
2731	0	3.579	0.349505345
2732	0	3.579	0.349505345
2733	0	3.579	0.349505345
2734	0	3.579	0.349505345
2735	0	3.579	0.349505345
2736	0	3.579	0.349505345
2737	0	3.579	0.349505345
2738	0	3.579	0.349505345
2739	0	3.579	0.349505345
2740	0	3.579	0.349505345
2741	0	3.579	0.349505345
2742	0	3.579	0.349505345
2743	0	3.579	0.349505345
2744	0	3.579	0.349505345
2745	0	3.579	0.349505345
2746	0	3.579	0.349505345
2747	0	3.579	0.349505345
2748	0	3.579	0.349505345
2749	0	3.579	0.349505345
2750	0	3.579	0.349505345
2751	0	3.579	0.349505345
2752	0	3.579	0.349505345
2753	0	3.579	0.349505345
2754	0	3.579	0.349505345
2755	0	3.579	0.349505345
2756	0	3.579	0.349505345
2757	0	3.579	0.349505345
2758	0	3.579	0.349505345
2759	0	3.579	0.349505345
2760	0	3.579	0.349505345
2761	0	3.579	0.349505345
2762	0	3.579	0.349505345
2763	0	3.579	0.349505345
2764	0	3.579	0.349505345
2765	0	3.579	0.349505345
2766	0	3.579	0.349505345
2767	0	3.579	0.349505345
2768	0	3.579	0.349505345
2769	0	3.579	0.349505345
2770	0	3.579	0.349505345
2771	0	3.579	0.349505345
2772	0	3.579	0.349505345
2773	0	3.579	0.349505345
2774	0	3.579	0.349505345
2775	0	3.579	0.349505345
2776	0	3.579	0.349505345
2777	0	3.579	0.349505345
2778	0	3.579	0.349505345
2779	0	3.579	0.349505345
2780	0	3.579	0.349505345
2781	0	3.579	0.349505345
2782	0	3.579	0.349505345
2783	0	3.579	0.349505345
2784	0	3.579	0.349505345
2785	0	3.579	0.349505345
2786	0	3.579	0.349505345
2787	0	3.579	0.349505345
2788	0	3.579	0.349505345
2789	0	3.579	0.349505345
2790	0	3.579	0.349505345
2791	0	3.579	0.349505345
2792	0	3.579	0.349505345
2793	0	3.579	0.349505345
2794	0	3.579	0.349505345
2795	0	3.579	0.349505345
2796	0	3.579	0.349505345
2797	0	3.579	0.349505345
2798	0	3.579	0.349505345
2799	0	3.579	0.349505345
2800	0	3.579	0.349505345
2801	0	3.579	0.349505345
2802	0	3.579	0.349505345
2803	0	3.579	0.349505345
2804	0	3.579	0.349505345
2805	0	3.579	0.349505345
2806	0	3.579	0.349505345
2807	0	3.579	0.349505345
2808	0	3.579	0.349505345
2809	0	3.579	0.349505345
2810	0	3.579	0.349505345
2811	0	3.579	0.349505345
2812	0	3.579	0.349505345
2813	0	3.579	0.349505345
2814	0	3.579	0.349505345
2815	0	3.579	0.349505345
2816	0	3.579	0.349505345
2817	0	3.579	0.349505345
2818	0	3.579	0.349505345
2819	0	3.579	0.349505345
2820	0	3.579	0.349505345
2821	0	3.579	0.349505345
2822	0	3.579	0.349505345
2823	0	3.579	0.349505345
2824	0	3.579	0.349505345
2825	0	3.579	0.349505345
2826	0	3.579	0.349505345
2827	0	3.579	0.349505345
2828	0	3.579	0.349505345
2829	0	3.579	0.349505345
2830	0	3.579	0.349505345
2831	0	3.579	0.349505345
2832	0	3.58	0.349505345
2833	0	3.579	0.349505345
2834	0	3.579	0.349505345
2835	0	3.579	0.349505345
2836	0	3.579	0.349505345
2837	0	3.579	0.349505345
2838	0	3.579	0.349505345
2839	0	3.58	0.349505345
2840	0	3.579	0.349505345
2841	0	3.58	0.349505345
2842	0	3.579	0.349505345
2843	0	3.579	0.349505345
2844	0	3.579	0.349505345
2845	0	3.579	0.349505345
2846	0	3.579	0.349505345
2847	0	3.579	0.349505345
2848	0	3.579	0.349505345
2849	0	3.579	0.349505345
2850	0	3.579	0.349505345
2851	0	3.579	0.349505345
2852	0	3.579	0.349505345
2853	0	3.579	0.349505345
2854	0	3.58	0.349505345
2855	0	3.579	0.349505345
2856	0	3.579	0.349505345
2857	0	3.579	0.349505345
2858	0	3.579	0.349505345
2859	0	3.579	0.349505345
2860	0	3.58	0.349505345
2861	0	3.579	0.349505345
2862	0	3.579	0.349505345
2863	0	3.579	0.349505345
2864	0	3.579	0.349505345
2865	0	3.579	0.349505345
2866	0	3.579	0.349505345
2867	0	3.58	0.349505345
2868	0	3.58	0.349505345
2869	0	3.579	0.349505345
2870	0	3.579	0.349505345
2871	0	3.579	0.349505345
2872	0	3.58	0.349505345
2873	0	3.579	0.349505345
2874	0	3.579	0.349505345
2875	0	3.579	0.349505345
2876	0	3.579	0.349505345
2877	0	3.579	0.349505345
2878	0	3.579	0.349505345
2879	0	3.579	0.349505345
2880	0	3.579	0.349505345
2881	0	3.579	0.349505345
2882	0	3.579	0.349505345
2883	0	3.579	0.349505345
2884	0	3.58	0.349505345
2885	0	3.58	0.349505345
2886	0	3.579	0.349505345
2887	0	3.58	0.349505345
2888	0	3.58	0.349505345
2889	0	3.58	0.349505345
2890	0	3.58	0.349505345
2891	0	3.58	0.349505345
2892	0	3.58	0.349505345
2893	0	3.58	0.349505345
2894	0	3.58	0.349505345
2895	0	3.58	0.349505345
2896	0	3.58	0.349505345
2897	0	3.58	0.349505345
2898	0	3.58	0.349505345
2899	0	3.579	0.349505345
2900	0	3.579	0.349505345
2901	0	3.579	0.349505345
2902	0	3.58	0.349505345
2903	0	3.58	0.349505345
2904	0	3.58	0.349505345
2905	0	3.58	0.349505345
2906	0	3.58	0.349505345
2907	0	3.58	0.349505345
2908	0	3.58	0.349505345
2909	0	3.58	0.349505345
2910	0	3.58	0.349505345
2911	0	3.58	0.349505345
2912	0	3.579	0.349505345
2913	0	3.58	0.349505345
2914	0	3.58	0.349505345
2915	0	3.58	0.349505345
2916	0	3.58	0.349505345
2917	0	3.58	0.349505345
2918	0	3.58	0.349505345
2919	0	3.579	0.349505345
2920	0	3.58	0.349505345
2921	0	3.579	0.349505345
2922	0	3.58	0.349505345
2923	0	3.58	0.349505345
2924	0	3.58	0.349505345
2925	0	3.58	0.349505345
2926	0	3.58	0.349505345
2927	0	3.58	0.349505345
2928	0	3.58	0.349505345
2929	0	3.58	0.349505345
2930	0	3.58	0.349505345
2931	0	3.58	0.349505345
2932	0	3.58	0.349505345
2933	0	3.58	0.349505345
2934	0	3.58	0.349505345
2935	0	3.58	0.349505345
2936	0	3.58	0.349505345
2937	0	3.58	0.349505345
2938	0	3.58	0.349505345
2939	0	3.58	0.349505345
2940	0	3.58	0.349505345
2941	0	3.58	0.349505345
2942	0	3.58	0.349505345
2943	0	3.58	0.349505345
2944	0	3.58	0.349505345
2945	0	3.58	0.349505345
2946	0	3.58	0.349505345
2947	0	3.58	0.349505345
2948	0	3.58	0.349505345
2949	0	3.58	0.349505345
2950	0	3.58	0.349505345
2951	0	3.58	0.349505345
2952	0	3.58	0.349505345
2953	0	3.58	0.349505345
2954	0	3.58	0.349505345
2955	0	3.58	0.349505345
2956	0	3.58	0.349505345
2957	0	3.58	0.349505345
2958	0	3.58	0.349505345
2959	0	3.58	0.349505345
2960	0	3.58	0.349505345
2961	0	3.58	0.349505345
2962	0	3.58	0.349505345
2963	0	3.579	0.349505345
2964	0	3.58	0.349505345
2965	0	3.58	0.349505345
2966	0	3.58	0.349505345
2967	0	3.58	0.349505345
2968	0	3.58	0.349505345
2969	0	3.58	0.349505345
2970	0	3.58	0.349505345
2971	0	3.58	0.349505345
2972	0	3.58	0.349505345
2973	0	3.58	0.349505345
2974	0	3.58	0.349505345
2975	0	3.58	0.349505345
2976	0	3.58	0.349505345
2977	0	3.58	0.349505345
2978	0	3.58	0.349505345
2979	0	3.58	0.349505345
2980	0	3.58	0.349505345
2981	0	3.58	0.349505345
2982	0	3.58	0.349505345
2983	0	3.58	0.349505345
2984	0	3.58	0.349505345
2985	0	3.58	0.349505345
2986	0	3.58	0.349505345
2987	0	3.58	0.349505345
2988	0	3.58	0.349505345
2989	0	3.58	0.349505345
2990	0	3.58	0.349505345
2991	0	3.58	0.349505345
2992	0	3.58	0.349505345
2993	0	3.58	0.349505345
2994	0	3.58	0.349505345
2995	0	3.58	0.349505345
2996	0	3.58	0.349505345
2997	0	3.58	0.349505345
2998	0	3.58	0.349505345
2999	0	3.58	0.349505345
3000	0	3.58	0.349505345
3001	0	3.58	0.349505345
3002	0	3.58	0.349505345
3003	0	3.58	0.349505345
3004	0	3.58	0.349505345
3005	0	3.58	0.349505345
3006	0	3.58	0.349505345
3007	0	3.58	0.349505345
3008	0	3.58	0.349505345
3009	0	3.58	0.349505345
3010	0	3.58	0.349505345
3011	0	3.58	0.349505345
3012	0	3.58	0.349505345
3013	0	3.58	0.349505345
3014	0	3.58	0.349505345
3015	0	3.58	0.349505345
3016	0	3.58	0.349505345
3017	0	3.58	0.349505345
3018	0	3.58	0.349505345
3019	0	3.58	0.349505345
3020	0	3.58	0.349505345
3021	0	3.58	0.349505345
3022	0	3.58	0.349505345
3023	0	3.58	0.349505345
3024	0	3.58	0.349505345
3025	0	3.58	0.349505345
3026	0	3.58	0.349505345
3027	0	3.58	0.349505345
3028	0	3.58	0.349505345
3029	0	3.58	0.349505345
3030	0	3.58	0.349505345
3031	0	3.58	0.349505345
3032	0	3.58	0.349505345
3033	0	3.58	0.349505345
3034	0	3.58	0.349505345
3035	0	3.58	0.349505345
3036	0	3.58	0.349505345
3037	0	3.58	0.349505345
3038	0	3.58	0.349505345
3039	0	3.58	0.349505345
3040	0	3.58	0.349505345
3041	0	3.58	0.349505345
3042	0	3.58	0.349505345
3043	0	3.58	0.349505345
3044	0	3.58	0.349505345
3045	0	3.58	0.349505345
3046	0	3.58	0.349505345
3047	0	3.58	0.349505345
3048	0	3.58	0.349505345
3049	0	3.58	0.349505345
3050	0	3.58	0.349505345
3051	0	3.58	0.349505345
3052	0	3.58	0.349505345
3053	0	3.58	0.349505345
3054	0	3.58	0.349505345
3055	0	3.58	0.349505345
3056	0	3.58	0.349505345
3057	0	3.58	0.349505345
3058	0	3.58	0.349505345
3059	0	3.58	0.349505345
3060	0	3.58	0.349505345
3061	0	3.58	0.349505345
3062	0	3.58	0.349505345
3063	0	3.58	0.349505345
3064	0	3.58	0.349505345
3065	0	3.58	0.349505345
3066	0	3.58	0.349505345
3067	0	3.58	0.349505345
3068	0	3.58	0.349505345
3069	0	3.58	0.349505345
3070	0	3.58	0.349505345
3071	0	3.58	0.349505345
3072	0	3.579	0.349505345
3073	0	3.58	0.349505345
3074	0	3.58	0.349505345
3075	0	3.58	0.349505345
3076	0	3.58	0.349505345
3077	0	3.58	0.349505345
3078	0	3.58	0.349505345
3079	0	3.58	0.349505345
3080	0	3.58	0.349505345
3081	0	3.58	0.349505345
3082	0	3.58	0.349505345
3083	0	3.58	0.349505345
3084	0	3.58	0.349505345
3085	0	3.58	0.349505345
3086	0	3.58	0.349505345
3087	0	3.58	0.349505345
3088	0	3.58	0.349505345
3089	0	3.58	0.349505345
3090	0	3.58	0.349505345
3091	0	3.58	0.349505345
3092	0	3.581	0.349505345
3093	0	3.58	0.349505345
3094	0	3.58	0.349505345
3095	0	3.58	0.349505345
3096	0	3.58	0.349505345
3097	0	3.58	0.349505345
3098	0	3.58	0.349505345
3099	0	3.58	0.349505345
3100	0	3.58	0.349505345
3101	0	3.58	0.349505345
3102	0	3.58	0.349505345
3103	0	3.58	0.349505345
3104	0	3.58	0.349505345
3105	0	3.58	0.349505345
3106	0	3.58	0.349505345
3107	0	3.58	0.349505345
3108	0	3.58	0.349505345
3109	0	3.58	0.349505345
3110	0	3.58	0.349505345
3111	0	3.58	0.349505345
3112	0	3.58	0.349505345
3113	0	3.58	0.349505345
3114	0	3.58	0.349505345
3115	0	3.58	0.349505345
3116	0	3.581	0.349505345
3117	0	3.581	0.349505345
3118	0	3.58	0.349505345
3119	0	3.58	0.349505345
3120	0	3.58	0.349505345
3121	0	3.58	0.349505345
3122	0	3.58	0.349505345
3123	0	3.58	0.349505345
3124	0	3.58	0.349505345
3125	0	3.58	0.349505345
3126	0	3.58	0.349505345
3127	0	3.58	0.349505345
3128	0	3.58	0.349505345
3129	0	3.58	0.349505345
3130	0	3.58	0.349505345
3131	0	3.58	0.349505345
3132	0	3.58	0.349505345
3133	0	3.58	0.349505345
3134	0	3.58	0.349505345
3135	0	3.58	0.349505345
3136	0	3.58	0.349505345
3137	0	3.58	0.349505345
3138	0	3.58	0.349505345
3139	0	3.58	0.349505345
3140	0	3.58	0.349505345
3141	0	3.58	0.349505345
3142	0	3.58	0.349505345
3143	0	3.58	0.349505345
3144	0	3.58	0.349505345
3145	0	3.58	0.349505345
3146	0	3.58	0.349505345
3147	0	3.581	0.349505345
3148	0	3.581	0.349505345
3149	0	3.58	0.349505345
3150	0	3.58	0.349505345
3151	0	3.58	0.349505345
3152	0	3.58	0.349505345
3153	0	3.58	0.349505345
3154	0	3.58	0.349505345
3155	0	3.581	0.349505345
3156	0	3.581	0.349505345
3157	0	3.58	0.349505345
3158	0	3.58	0.349505345
3159	0	3.581	0.349505345
3160	0	3.581	0.349505345
3161	0	3.581	0.349505345
3162	0	3.581	0.349505345
3163	0	3.581	0.349505345
3164	0	3.58	0.349505345
3165	0	3.58	0.349505345
3166	0	3.58	0.349505345
3167	0	3.581	0.349505345
3168	0	3.581	0.349505345
3169	0	3.581	0.349505345
3170	0	3.58	0.349505345
3171	0	3.58	0.349505345
3172	0	3.58	0.349505345
3173	0	3.58	0.349505345
3174	0	3.58	0.349505345
3175	0	3.58	0.349505345
3176	0	3.58	0.349505345
3177	0	3.58	0.349505345
3178	0	3.58	0.349505345
3179	0	3.58	0.349505345
3180	0	3.58	0.349505345
3181	0	3.58	0.349505345
3182	0	3.581	0.349505345
3183	0	3.581	0.349505345
3184	0	3.581	0.349505345
3185	0	3.58	0.349505345
3186	0	3.58	0.349505345
3187	0	3.581	0.349505345
3188	0	3.58	0.349505345
3189	0	3.58	0.349505345
3190	0	3.58	0.349505345
3191	0	3.58	0.349505345
3192	0	3.581	0.349505345
3193	0	3.58	0.349505345
3194	0	3.581	0.349505345
3195	0	3.581	0.349505345
3196	0	3.581	0.349505345
3197	0	3.581	0.349505345
3198	0	3.581	0.349505345
3199	0	3.58	0.349505345
3200	0	3.581	0.349505345
3201	0	3.581	0.349505345
3202	0	3.581	0.349505345
3203	0	3.581	0.349505345
3204	0	3.581	0.349505345
3205	0	3.581	0.349505345
3206	0	3.581	0.349505345
3207	0	3.581	0.349505345
3208	0	3.581	0.349505345
3209	0	3.581	0.349505345
3210	0	3.581	0.349505345
3211	0	3.581	0.349505345
3212	0	3.581	0.349505345
3213	0	3.581	0.349505345
3214	0	3.581	0.349505345
3215	0	3.581	0.349505345
3216	0	3.581	0.349505345
3217	0	3.581	0.349505345
3218	0	3.581	0.349505345
3219	0	3.581	0.349505345
3220	0	3.581	0.349505345
3221	0	3.581	0.349505345
3222	0	3.58	0.349505345
3223	0	3.58	0.349505345
3224	0	3.581	0.349505345
3225	0	3.581	0.349505345
3226	0	3.581	0.349505345
3227	0	3.581	0.349505345
3228	0	3.581	0.349505345
3229	0	3.581	0.349505345
3230	0	3.581	0.349505345
3231	0	3.581	0.349505345
3232	0	3.581	0.349505345
3233	0	3.581	0.349505345
3234	0	3.581	0.349505345
3235	0	3.581	0.349505345
3236	0	3.581	0.349505345
3237	0	3.581	0.349505345
3238	0	3.581	0.349505345
3239	0	3.581	0.349505345
3240	0	3.581	0.349505345
3241	0	3.581	0.349505345
3242	0	3.581	0.349505345
3243	0	3.581	0.349505345
3244	0	3.581	0.349505345
3245	0	3.581	0.349505345
3246	0	3.581	0.349505345
3247	0	3.58	0.349505345
3248	0	3.58	0.349505345
3249	0	3.581	0.349505345
3250	0	3.58	0.349505345
3251	0	3.581	0.349505345
3252	0	3.581	0.349505345
3253	0	3.581	0.349505345
3254	0	3.581	0.349505345
3255	0	3.581	0.349505345
3256	0	3.581	0.349505345
3257	0	3.581	0.349505345
3258	0	3.581	0.349505345
3259	0	3.581	0.349505345
3260	0	3.581	0.349505345
3261	0	3.581	0.349505345
3262	0	3.58	0.349505345
3263	0	3.581	0.349505345
3264	0	3.581	0.349505345
3265	0	3.581	0.349505345
3266	0	3.581	0.349505345
3267	0	3.581	0.349505345
3268	0	3.581	0.349505345
3269	0	3.581	0.349505345
3270	0	3.581	0.349505345
3271	0	3.581	0.349505345
3272	0	3.581	0.349505345
3273	0	3.581	0.349505345
3274	0	3.581	0.349505345
3275	0	3.581	0.349505345
3276	0	3.581	0.349505345
3277	0	3.581	0.349505345
3278	0	3.581	0.349505345
3279	0	3.581	0.349505345
3280	0	3.581	0.349505345
3281	0	3.581	0.349505345
3282	0	3.581	0.349505345
3283	0	3.581	0.349505345
3284	0	3.581	0.349505345
3285	0	3.581	0.349505345
3286	0	3.581	0.349505345
3287	0	3.581	0.349505345
3288	0	3.581	0.349505345
3289	0	3.581	0.349505345
3290	0	3.581	0.349505345
3291	0	3.581	0.349505345
3292	0	3.581	0.349505345
3293	0	3.581	0.349505345
3294	0	3.581	0.349505345
3295	0	3.581	0.349505345
3296	0	3.581	0.349505345
3297	0	3.581	0.349505345
3298	0	3.581	0.349505345
3299	0	3.581	0.349505345
3300	0	3.581	0.349505345
3301	0	3.581	0.349505345
3302	0	3.581	0.349505345
3303	0	3.581	0.349505345
3304	0	3.581	0.349505345
3305	0	3.581	0.349505345
3306	0	3.581	0.349505345
3307	0	3.581	0.349505345
3308	0	3.581	0.349505345
3309	0	3.581	0.349505345
3310	0	3.581	0.349505345
3311	0	3.581	0.349505345
3312	0	3.581	0.349505345
3313	0	3.581	0.349505345
3314	0	3.581	0.349505345
3315	0	3.581	0.349505345
3316	0	3.581	0.349505345
3317	0	3.581	0.349505345
3318	0	3.581	0.349505345
3319	0	3.581	0.349505345
3320	0	3.581	0.349505345
3321	0	3.581	0.349505345
3322	0	3.581	0.349505345
3323	0	3.581	0.349505345
3324	0	3.581	0.349505345
3325	0	3.581	0.349505345
3326	0	3.581	0.349505345
3327	0	3.581	0.349505345
3328	0	3.581	0.349505345
3329	0	3.581	0.349505345
3330	0	3.581	0.349505345
3331	0	3.581	0.349505345
3332	0	3.581	0.349505345
3333	0	3.581	0.349505345
3334	0	3.581	0.349505345
3335	0	3.581	0.349505345
3336	0	3.581	0.349505345
3337	0	3.581	0.349505345
3338	0	3.581	0.349505345
3339	0	3.581	0.349505345
3340	0	3.581	0.349505345
3341	0	3.581	0.349505345
3342	0	3.581	0.349505345
3343	0	3.581	0.349505345
3344	0	3.581	0.349505345
3345	0	3.581	0.349505345
3346	0	3.581	0.349505345
3347	0	3.581	0.349505345
3348	0	3.581	0.349505345
3349	0	3.581	0.349505345
3350	0	3.581	0.349505345
3351	0	3.581	0.349505345
3352	0	3.581	0.349505345
3353	0	3.581	0.349505345
3354	0	3.581	0.349505345
3355	0	3.581	0.349505345
3356	0	3.581	0.349505345
3357	0	3.581	0.349505345
3358	0	3.581	0.349505345
3359	0	3.581	0.349505345
3360	0	3.581	0.349505345
3361	0	3.581	0.349505345
3362	0	3.581	0.349505345
3363	0	3.581	0.349505345
3364	0	3.581	0.349505345
3365	0	3.581	0.349505345
3366	0	3.581	0.349505345
3367	0	3.581	0.349505345
3368	0	3.581	0.349505345
3369	0	3.581	0.349505345
3370	0	3.581	0.349505345
3371	0	3.581	0.349505345
3372	0	3.581	0.349505345
3373	0	3.581	0.349505345
3374	0	3.581	0.349505345
3375	0	3.581	0.349505345
3376	0	3.581	0.349505345
3377	0	3.581	0.349505345
3378	0	3.581	0.349505345
3379	0	3.581	0.349505345
3380	0	3.581	0.349505345
3381	0	3.581	0.349505345
3382	0	3.581	0.349505345
3383	0	3.581	0.349505345
3384	0	3.581	0.349505345
3385	0	3.581	0.349505345
3386	0	3.581	0.349505345
3387	0	3.581	0.349505345
3388	0	3.581	0.349505345
3389	0	3.581	0.349505345
3390	0	3.581	0.349505345
3391	0	3.581	0.349505345
3392	0	3.581	0.349505345
3393	0	3.581	0.349505345
3394	0	3.581	0.349505345
3395	0	3.581	0.349505345
3396	0	3.581	0.349505345
3397	0	3.581	0.349505345
3398	0	3.581	0.349505345
3399	0	3.581	0.349505345
3400	0	3.581	0.349505345
3401	0	3.581	0.349505345
3402	0	3.581	0.349505345
3403	0	3.581	0.349505345
3404	0	3.581	0.349505345
3405	0	3.581	0.349505345
3406	0	3.581	0.349505345
3407	0	3.581	0.349505345
3408	0	3.581	0.349505345
3409	0	3.581	0.349505345
3410	0	3.581	0.349505345
3411	0	3.581	0.349505345
3412	0	3.581	0.349505345
3413	0	3.581	0.349505345
3414	0	3.581	0.349505345
3415	0	3.581	0.349505345
3416	0	3.581	0.349505345
3417	0	3.581	0.349505345
3418	0	3.581	0.349505345
3419	0	3.581	0.349505345
3420	0	3.581	0.349505345
3421	0	3.581	0.349505345
3422	0	3.581	0.349505345
3423	0	3.581	0.349505345
3424	0	3.581	0.349505345
3425	0	3.581	0.349505345
3426	0	3.581	0.349505345
3427	0	3.581	0.349505345
3428	0	3.581	0.349505345
3429	0	3.581	0.349505345
3430	0	3.581	0.349505345
3431	0	3.581	0.349505345
3432	0	3.581	0.349505345
3433	0	3.581	0.349505345
3434	0	3.581	0.349505345
3435	0	3.581	0.349505345
3436	0	3.581	0.349505345
3437	0	3.581	0.349505345
3438	0	3.581	0.349505345
3439	0	3.581	0.349505345
3440	0	3.581	0.349505345
3441	0	3.581	0.349505345
3442	0	3.581	0.349505345
3443	0	3.581	0.349505345
3444	0	3.581	0.349505345
3445	0	3.581	0.349505345
3446	0	3.581	0.349505345
3447	0	3.581	0.349505345
3448	0	3.581	0.349505345
3449	0	3.581	0.349505345
3450	0	3.581	0.349505345
3451	0	3.581	0.349505345
3452	0	3.581	0.349505345
3453	0	3.581	0.349505345
3454	0	3.581	0.349505345
3455	0	3.581	0.349505345
3456	0	3.581	0.349505345
3457	0	3.581	0.349505345
3458	0	3.581	0.349505345
3459	0	3.581	0.349505345
3460	0	3.581	0.349505345
3461	0	3.581	0.349505345
3462	0	3.581	0.349505345
3463	0	3.581	0.349505345
3464	0	3.581	0.349505345
3465	0	3.581	0.349505345
3466	0	3.581	0.349505345
3467	0	3.581	0.349505345
3468	0	3.581	0.349505345
3469	0	3.581	0.349505345
3470	0	3.581	0.349505345
3471	0	3.581	0.349505345
3472	0	3.581	0.349505345
3473	0	3.581	0.349505345
3474	0	3.581	0.349505345
3475	0	3.581	0.349505345
3476	0	3.581	0.349505345
3477	0	3.581	0.349505345
3478	0	3.581	0.349505345
3479	0	3.581	0.349505345
3480	0	3.581	0.349505345
3481	0	3.581	0.349505345
3482	0	3.581	0.349505345
3483	0	3.581	0.349505345
3484	0	3.581	0.349505345
3485	0	3.581	0.349505345
3486	0	3.581	0.349505345
3487	0	3.581	0.349505345
3488	0	3.581	0.349505345
3489	0	3.581	0.349505345
3490	0	3.581	0.349505345
3491	0	3.581	0.349505345
3492	0	3.581	0.349505345
3493	0	3.581	0.349505345
3494	0	3.581	0.349505345
3495	0	3.581	0.349505345
3496	0	3.581	0.349505345
3497	0	3.581	0.349505345
3498	0	3.581	0.349505345
3499	0	3.581	0.349505345
3500	0	3.581	0.349505345
3501	0	3.581	0.349505345
3502	0	3.581	0.349505345
3503	0	3.581	0.349505345
3504	0	3.581	0.349505345
3505	0	3.581	0.349505345
3506	0	3.581	0.349505345
3507	0	3.581	0.349505345
3508	0	3.581	0.349505345
3509	0	3.581	0.349505345
3510	0	3.581	0.349505345
3511	0	3.581	0.349505345
3512	0	3.581	0.349505345
3513	0	3.581	0.349505345
3514	0	3.581	0.349505345
3515	0	3.581	0.349505345
3516	0	3.581	0.349505345
3517	0	3.581	0.349505345
3518	0	3.581	0.349505345
3519	0	3.581	0.349505345
3520	0	3.581	0.349505345
3521	0	3.581	0.349505345
3522	0	3.581	0.349505345
3523	0	3.581	0.349505345
3524	0	3.581	0.349505345
3525	0	3.581	0.349505345
3526	0	3.581	0.349505345
3527	0	3.581	0.349505345
3528	0	3.581	0.349505345
3529	0	3.581	0.349505345
3530	0	3.581	0.349505345
3531	0	3.581	0.349505345
3532	0	3.581	0.349505345
3533	0	3.581	0.349505345
3534	0	3.581	0.349505345
3535	0	3.581	0.349505345
3536	0	3.581	0.349505345
3537	0	3.581	0.349505345
3538	0	3.581	0.349505345
3539	0	3.581	0.349505345
3540	0	3.581	0.349505345
3541	0	3.581	0.349505345
3542	0	3.581	0.349505345
3543	0	3.581	0.349505345
3544	0	3.581	0.349505345
