balancePWM[8][12]={
{93,78,93,91,60,91,93,91,83,91,91,91},
 {97,100,97, 8,91,100,91,100,74,97,97,95},
 {91,91,91,93,91,90,83,91,87,93,52,90},
 {86,86,91,93,87, 0,93,83,95,95,87,91},
 {95,97,95,83,95,86,95,67,91,95,93,79},
 {91,91,91,71,90,93,87,91,82,91,90,87},
 {95,90,93,86,95,60,90,93,95,95,87,95},
 {95,90,97,87,86,95,90,97,93,100,97,90}
 }
 
 
balancePWM[8][12]={
 {91,69,92,91,93,88,93,84,87,91,80,88},
 {96,88,97,100,93,91,79,96,96,93,100,88},
 {88,91,91,93,84,87,84,91,88,91,92,91},
 {87,84,91,92,83,93,92,76,91, 0,83,92},
 {93,91,92,96,93,62,83,79,97,84,92,93},
 {91,91,92, 0,91,88,83,91,91,91,87,76},
 {92,84,91,58,92,93,92,93,96,93,58,93},
 {93,93,88,93,97,91,93,93,92,97,96,93}
 }
 
 
 
balancePWM[8][12]={
 {92,91,87,93,91,84,91,92,92,91,58,84},
 { 100,96,97,96,96,93,91,93,97,96,97,96},
 {91,65,79,88,92,88,92,92,91,0,87,80},
 {57,83,83,96,76,93,93,88,92,91,91,88},
 {93,87,87,88,92,96,93,92,96,92,93,87},
 {87,88,91,91,84,92,92,0,71,87,88,87},
 {92,91,92,91,92,80,96,83,88,93,87,58},
 {96,87,100,93,96,96,87,84,97,96,96,93}
 }
 
 
 balancePWM[8][12]={
		 {0,0,0,0,0,0,0,0,0,0,0,0},
		 {0,0,0,0,0,0,0,0,0,0,0,0},
		 {0,0,0,0,0,0,0,0,0,0,0,0},
		 {0,0,0,0,0,0,0,0,0,0,0,0},
		 {0,0,0,0,0,0,0,0,0,0,0,0},
		 {0,0,0,0,0,0,0,0,0,0,0,0},
		 {0,0,0,0,0,0,0,0,0,0,0,0},
		 {0,0,0,0,0,0,0,0,0,0,0,0}
		 };