H:\Kanbox\BuleRabbit\RnS\TS_BatterySimulator\backend>python BSM_simulator.py
total voltage is: 349.431
total current is: 0.215
read cell flags status is: 1
the flags are:
[[0 0 0]
 [0 0 0]
 [0 0 0]
 [0 0 0]
 [0 0 0]
 [0 0 0]
 [0 0 0]
 [0 0 0]]
read cell temperature status is: 1
the temperatures are:
[[ 25.948  33.412]
 [ 25.774  32.662]
 [ 26.165  30.975]
 [ 25.948  24.6  ]
 [ 25.644  27.788]
 [ 26.602  30.413]
 [ 25.384  26.663]
 [ 26.34   28.35 ]]
read cell voltage status is: 1
the voltages are:
[[ 3.615  3.614  3.611  3.616  3.614  3.609  3.614  3.615  3.615  3.614
   3.589  3.609]
 [ 3.621  3.618  3.619  3.618  3.618  3.616  3.614  3.616  3.619  3.618
   3.619  3.618]
 [ 3.614  3.594  3.605  3.612  3.615  3.612  3.615  3.615  3.614  3.543
   3.611  3.606]
 [ 3.588  3.608  3.608  3.618  3.603  3.616  3.616  3.612  3.615  3.614
   3.614  3.612]
 [ 3.616  3.611  3.611  3.612  3.615  3.618  3.616  3.615  3.618  3.615
   3.616  3.611]
 [ 3.611  3.612  3.614  3.614  3.609  3.615  3.615  3.543  3.599  3.611
   3.612  3.611]
 [ 3.615  3.614  3.615  3.614  3.615  3.606  3.618  3.608  3.612  3.616
   3.611  3.589]
 [ 3.618  3.611  3.621  3.616  3.618  3.618  3.611  3.609  3.619  3.618
   3.618  3.616]]
the minist voltage is: 3.543
the setting for Kp is: 1.000 Ki is: 0.000 Kd is: 0.000
0 0 3.543 3.615 0.072 0.072
0 1 3.543 3.614 0.071 0.071
0 2 3.543 3.611 0.068 0.068
0 3 3.543 3.616 0.073 0.073
0 4 3.543 3.614 0.071 0.071
0 5 3.543 3.609 0.066 0.066
0 6 3.543 3.614 0.071 0.071
0 7 3.543 3.615 0.072 0.072
0 8 3.543 3.615 0.072 0.072
0 9 3.543 3.614 0.071 0.071
0 10 3.543 3.589 0.046 0.046
0 11 3.543 3.609 0.066 0.066
1 0 3.543 3.621 0.078 0.078
1 1 3.543 3.618 0.075 0.075
1 2 3.543 3.619 0.076 0.076
1 3 3.543 3.618 0.075 0.075
1 4 3.543 3.618 0.075 0.075
1 5 3.543 3.616 0.073 0.073
1 6 3.543 3.614 0.071 0.071
1 7 3.543 3.616 0.073 0.073
1 8 3.543 3.619 0.076 0.076
1 9 3.543 3.618 0.075 0.075
1 10 3.543 3.619 0.076 0.076
1 11 3.543 3.618 0.075 0.075
2 0 3.543 3.614 0.071 0.071
2 1 3.543 3.594 0.051 0.051
2 2 3.543 3.605 0.062 0.062
2 3 3.543 3.612 0.069 0.069
2 4 3.543 3.615 0.072 0.072
2 5 3.543 3.612 0.069 0.069
2 6 3.543 3.615 0.072 0.072
2 7 3.543 3.615 0.072 0.072
2 8 3.543 3.614 0.071 0.071
2 9 3.543 3.543 0.0 0.0
2 10 3.543 3.611 0.068 0.068
2 11 3.543 3.606 0.063 0.063
3 0 3.543 3.588 0.045 0.045
3 1 3.543 3.608 0.065 0.065
3 2 3.543 3.608 0.065 0.065
3 3 3.543 3.618 0.075 0.075
3 4 3.543 3.603 0.06 0.06
3 5 3.543 3.616 0.073 0.073
3 6 3.543 3.616 0.073 0.073
3 7 3.543 3.612 0.069 0.069
3 8 3.543 3.615 0.072 0.072
3 9 3.543 3.614 0.071 0.071
3 10 3.543 3.614 0.071 0.071
3 11 3.543 3.612 0.069 0.069
4 0 3.543 3.616 0.073 0.073
4 1 3.543 3.611 0.068 0.068
4 2 3.543 3.611 0.068 0.068
4 3 3.543 3.612 0.069 0.069
4 4 3.543 3.615 0.072 0.072
4 5 3.543 3.618 0.075 0.075
4 6 3.543 3.616 0.073 0.073
4 7 3.543 3.615 0.072 0.072
4 8 3.543 3.618 0.075 0.075
4 9 3.543 3.615 0.072 0.072
4 10 3.543 3.616 0.073 0.073
4 11 3.543 3.611 0.068 0.068
5 0 3.543 3.611 0.068 0.068
5 1 3.543 3.612 0.069 0.069
5 2 3.543 3.614 0.071 0.071
5 3 3.543 3.614 0.071 0.071
5 4 3.543 3.609 0.066 0.066
5 5 3.543 3.615 0.072 0.072
5 6 3.543 3.615 0.072 0.072
5 7 3.543 3.543 0.0 0.0
5 8 3.543 3.599 0.056 0.056
5 9 3.543 3.611 0.068 0.068
5 10 3.543 3.612 0.069 0.069
5 11 3.543 3.611 0.068 0.068
6 0 3.543 3.615 0.072 0.072
6 1 3.543 3.614 0.071 0.071
6 2 3.543 3.615 0.072 0.072
6 3 3.543 3.614 0.071 0.071
6 4 3.543 3.615 0.072 0.072
6 5 3.543 3.606 0.063 0.063
6 6 3.543 3.618 0.075 0.075
6 7 3.543 3.608 0.065 0.065
6 8 3.543 3.612 0.069 0.069
6 9 3.543 3.616 0.073 0.073
6 10 3.543 3.611 0.068 0.068
6 11 3.543 3.589 0.046 0.046
7 0 3.543 3.618 0.075 0.075
7 1 3.543 3.611 0.068 0.068
7 2 3.543 3.621 0.078 0.078
7 3 3.543 3.616 0.073 0.073
7 4 3.543 3.618 0.075 0.075
7 5 3.543 3.618 0.075 0.075
7 6 3.543 3.611 0.068 0.068
7 7 3.543 3.609 0.066 0.066
7 8 3.543 3.619 0.076 0.076
7 9 3.543 3.618 0.075 0.075
7 10 3.543 3.618 0.075 0.075
7 11 3.543 3.616 0.073 0.073
pwmMax is: 0.078
the pwm out is:
[[  92.   91.   87.   93.   91.   84.   91.   92.   92.   91.   58.   84.]
 [ 100.   96.   97.   96.   96.   93.   91.   93.   97.   96.   97.   96.]
 [  91.   65.   79.   88.   92.   88.   92.   92.   91.    0.   87.   80.]
 [  57.   83.   83.   96.   76.   93.   93.   88.   92.   91.   91.   88.]
 [  93.   87.   87.   88.   92.   96.   93.   92.   96.   92.   93.   87.]
 [  87.   88.   91.   91.   84.   92.   92.    0.   71.   87.   88.   87.]
 [  92.   91.   92.   91.   92.   80.   96.   83.   88.   93.   87.   58.]
 [  96.   87.  100.   93.   96.   96.   87.   84.   97.   96.   96.   93.]]
Port closed!