H:\Kanbox\BuleRabbit\RnS\TS_BatterySimulator\backend>python BSM_simulator.py
total voltage is: 341.931
total current is: 0.323
read cell flags status is: 1
the flags are:
[[0 0 0]
 [0 0 0]
 [0 0 0]
 [0 0 0]
 [0 0 0]
 [0 0 0]
 [0 0 0]
 [0 0 0]]
read cell temperature status is: 1
the temperatures are:
[[ 24.008  31.913]
 [ 23.794  30.788]
 [ 24.136  28.913]
 [ 23.709  22.163]
 [ 23.581  25.725]
 [ 24.351  27.975]
 [ 23.368  24.413]
 [ 23.965  25.913]]
read cell voltage status is: 1
the voltages are:
[[ 3.616  3.605  3.615  3.612  3.592  3.615  3.615  3.615  3.609  3.615
   3.615  3.614]
 [ 3.618  3.619  3.621  3.553  3.614  3.621  3.615  3.621  3.602  3.619
   3.619  3.618]
 [ 3.614  3.615  3.614  3.616  3.614  3.614  3.609  3.614  3.612  3.615
   3.586  3.615]
 [ 3.611  3.611  3.615  3.616  3.612  3.547  3.616  3.608  3.616  3.616
   3.611  3.614]
 [ 3.618  3.619  3.618  3.609  3.618  3.611  3.618  3.595  3.615  3.618
   3.616  3.606]
 [ 3.615  3.615  3.614  3.6    3.615  3.615  3.612  3.615  3.606  3.614
   3.614  3.612]
 [ 3.618  3.614  3.616  3.611  3.618  3.591  3.612  3.616  3.618  3.618
   3.611  3.618]
 [ 3.618  3.614  3.618  3.611  3.611  3.618  3.614  3.618  3.616  3.619
   3.619  3.614]]
the minist voltage is: 3.547
the setting for Kp is: 1.000 Ki is: 0.000 Kd is: 0.000
0 0 3.547 3.616 0.069 0.069
0 1 3.547 3.605 0.058 0.058
0 2 3.547 3.615 0.068 0.068
0 3 3.547 3.612 0.065 0.065
0 4 3.547 3.592 0.045 0.045
0 5 3.547 3.615 0.068 0.068
0 6 3.547 3.615 0.068 0.068
0 7 3.547 3.615 0.068 0.068
0 8 3.547 3.609 0.062 0.062
0 9 3.547 3.615 0.068 0.068
0 10 3.547 3.615 0.068 0.068
0 11 3.547 3.614 0.067 0.067
1 0 3.547 3.618 0.071 0.071
1 1 3.547 3.619 0.072 0.072
1 2 3.547 3.621 0.074 0.074
1 3 3.547 3.553 0.006 0.006
1 4 3.547 3.614 0.067 0.067
1 5 3.547 3.621 0.074 0.074
1 6 3.547 3.615 0.068 0.068
1 7 3.547 3.621 0.074 0.074
1 8 3.547 3.602 0.055 0.055
1 9 3.547 3.619 0.072 0.072
1 10 3.547 3.619 0.072 0.072
1 11 3.547 3.618 0.071 0.071
2 0 3.547 3.614 0.067 0.067
2 1 3.547 3.615 0.068 0.068
2 2 3.547 3.614 0.067 0.067
2 3 3.547 3.616 0.069 0.069
2 4 3.547 3.614 0.067 0.067
2 5 3.547 3.614 0.067 0.067
2 6 3.547 3.609 0.062 0.062
2 7 3.547 3.614 0.067 0.067
2 8 3.547 3.612 0.065 0.065
2 9 3.547 3.615 0.068 0.068
2 10 3.547 3.586 0.039 0.039
2 11 3.547 3.615 0.068 0.068
3 0 3.547 3.611 0.064 0.064
3 1 3.547 3.611 0.064 0.064
3 2 3.547 3.615 0.068 0.068
3 3 3.547 3.616 0.069 0.069
3 4 3.547 3.612 0.065 0.065
3 5 3.547 3.547 0.0 0.0
3 6 3.547 3.616 0.069 0.069
3 7 3.547 3.608 0.061 0.061
3 8 3.547 3.616 0.069 0.069
3 9 3.547 3.616 0.069 0.069
3 10 3.547 3.611 0.064 0.064
3 11 3.547 3.614 0.067 0.067
4 0 3.547 3.618 0.071 0.071
4 1 3.547 3.619 0.072 0.072
4 2 3.547 3.618 0.071 0.071
4 3 3.547 3.609 0.062 0.062
4 4 3.547 3.618 0.071 0.071
4 5 3.547 3.611 0.064 0.064
4 6 3.547 3.618 0.071 0.071
4 7 3.547 3.595 0.048 0.048
4 8 3.547 3.615 0.068 0.068
4 9 3.547 3.618 0.071 0.071
4 10 3.547 3.616 0.069 0.069
4 11 3.547 3.606 0.059 0.059
5 0 3.547 3.615 0.068 0.068
5 1 3.547 3.615 0.068 0.068
5 2 3.547 3.614 0.067 0.067
5 3 3.547 3.6 0.053 0.053
5 4 3.547 3.615 0.068 0.068
5 5 3.547 3.615 0.068 0.068
5 6 3.547 3.612 0.065 0.065
5 7 3.547 3.615 0.068 0.068
5 8 3.547 3.606 0.059 0.059
5 9 3.547 3.614 0.067 0.067
5 10 3.547 3.614 0.067 0.067
5 11 3.547 3.612 0.065 0.065
6 0 3.547 3.618 0.071 0.071
6 1 3.547 3.614 0.067 0.067
6 2 3.547 3.616 0.069 0.069
6 3 3.547 3.611 0.064 0.064
6 4 3.547 3.618 0.071 0.071
6 5 3.547 3.591 0.044 0.044
6 6 3.547 3.612 0.065 0.065
6 7 3.547 3.616 0.069 0.069
6 8 3.547 3.618 0.071 0.071
6 9 3.547 3.618 0.071 0.071
6 10 3.547 3.611 0.064 0.064
6 11 3.547 3.618 0.071 0.071
7 0 3.547 3.618 0.071 0.071
7 1 3.547 3.614 0.067 0.067
7 2 3.547 3.618 0.071 0.071
7 3 3.547 3.611 0.064 0.064
7 4 3.547 3.611 0.064 0.064
7 5 3.547 3.618 0.071 0.071
7 6 3.547 3.614 0.067 0.067
7 7 3.547 3.618 0.071 0.071
7 8 3.547 3.616 0.069 0.069
7 9 3.547 3.619 0.072 0.072
7 10 3.547 3.619 0.072 0.072
7 11 3.547 3.614 0.067 0.067
pwmMax is: 0.074
the pwm out is:
[[  93.   78.   91.   87.   60.   91.   91.   91.   83.   91.   91.   90.]
 [  95.   97.  100.    8.   90.  100.   91.  100.   74.   97.   97.   95.]
 [  90.   91.   90.   93.   90.   90.   83.   90.   87.   91.   52.   91.]
 [  86.   86.   91.   93.   87.    0.   93.   82.   93.   93.   86.   90.]
 [  95.   97.   95.   83.   95.   86.   95.   64.   91.   95.   93.   79.]
 [  91.   91.   90.   71.   91.   91.   87.   91.   79.   90.   90.   87.]
 [  95.   90.   93.   86.   95.   59.   87.   93.   95.   95.   86.   95.]
 [  95.   90.   95.   86.   86.   95.   90.   95.   93.   97.   97.   90.]]
Port closed!
